stats:
[[      0       0    3300    2550 8159292]
 [     36      31      26      27     339]
 [     64      31      25      27     226]
 [     91      31      21      28     256]
 [    115      31      21      27     163]
 [    140      31      20      27     270]
 [    165      31      24      27     288]
 [    203      31      20      27     226]
 [    225      31      25      27     227]
 [    252      31      23      28     226]
 [    279      31      48      27     462]
 [    329      31      25      28     292]
 [    359      31      20      27     270]
 [    487     133       7       7      37]
 [     86     135      40      29     585]
 [    251     134      28      31     456]
 [    283     135       6      29     154]
 [    376     134      28      31     370]
 [    519     134      23      31     451]
 [    558     135      23      29     380]
 [    585     135      24      29     456]
 [    612     134      31      31     459]
 [    647     135      27      29     458]
 [   1132     135      32      29     615]
 [   1168     135      14      29     221]
 [   1187     134      22      30     360]
 [   1213     134      22      30     360]
 [   1239     134      22      30     364]
 [   1266     135      22      30     391]
 [   1293     135      24      29     502]
 [   1318     135      30      29     370]
 [   1349     134      24      31     401]
 [   1376     135      23      30     397]
 [   1402     134      24      31     416]
 [   1428     134      23      31     368]
 [   1466     135      25      29     391]
 [   1491     134      31      31     460]
 [   1526     135      26      29     484]
 [   1558     135      24      29     451]
 [   1583     135      30      29     406]
 [   1616     135      27      29     458]
 [   2054     135      21      29     337]
 [   2079     135      24      29     450]
 [   2106     134      30      31     456]
 [   2141     135      26      29     482]
 [   2171     135      23      29     275]
 [   2206     135      31      29     407]
 [   2239     135      26      29     484]
 [   2271     135      27      29     458]
 [   2313     135      25      29     498]
 [   2340     135      30      29     407]
 [   2370     134      27      31     366]
 [   2401     135      25      29     394]
 [   2438     134      24      31     405]
 [   2466     135      25      29     406]
 [   2494     135      21      29     406]
 [   2518     135      23      29     275]
 [   2543     134      27      31     365]
 [   2574     135      27      29     440]
 [   3042     135      32      29     593]
 [   3076     135      30      29     406]
 [   3107     134      24      31     398]
 [   3133     135      23      29     275]
 [   3160     135      21      29     406]
 [   3185     135      24      29     447]
 [    170     137      14      28     216]
 [    455     137      14      28     216]
 [    126     142      21      23     277]
 [    149     142      19      23     245]
 [    185     142      22      23     278]
 [    211     142      12      22     153]
 [    227     142      20      22     259]
 [    293     142      22      23     282]
 [    317     143      23      21     221]
 [    341     142      21      23     278]
 [    406     142      22      23     283]
 [    432     142      20      22     263]
 [    472     142      12      22     140]
 [    487     143       6      21     113]
 [    497     142      20      23     222]
 [   1455     142       7       8      43]
 [   1455     157       7       8      43]
 [   1968     239      24      25     274]
 [   2016     239      18      26     263]
 [   2411     239      25      25     261]
 [   2437     239      20      26     258]
 [   2460     239      27      25     396]
 [   2498     239      26      25     234]
 [   2526     239      22      25     323]
 [   1994     245      19      20     217]
 [   2038     245      18      20     211]
 [    876     251      92       3     260]
 [    831     253       3       1       3]
 [    839     253       5       1       5]
 [    845     253       8       1       8]
 [    860     253       5       1       5]
 [    867     253       8       1       8]
 [    973     252       4       2       7]
 [    982     253       3       1       3]
 [    990     253      32       1      32]
 [   1024     253       2       1       2]
 [   2490     253      10       4      38]
 [    751     254      69      87    1047]
 [    969     254       2       2       3]
 [    987     254       2       2       3]
 [   1054     254     187     183    2653]
 [   1209     254       5       2      10]
 [    877     260       1       1       1]
 [    893     260       2       1       2]
 [    969     260       5      43      90]
 [    978     260       4       6      20]
 [    986     261       4      15      32]
 [    808     263       3      78     176]
 [   1146     264       9      34      91]
 [   1153     264       1       1       1]
 [    801     269       4      25      62]
 [    979     269       3       4      10]
 [    783     272       2       3       4]
 [   1156     273       1       3       3]
 [   1240     275       1       3       3]
 [    879     281       4       5      14]
 [    978     280       3       4      10]
 [    831     282       7       4      16]
 [    839     282       3       2       4]
 [    851     282       5       3       9]
 [    866     282       4       2       6]
 [    896     282       2       1       2]
 [    947     282       5       3      12]
 [    781     285       1       1       1]
 [   1084     286       2       1       2]
 [    912     289       3       4      10]
 [    881     291       1       1       1]
 [    980     291       2       3       5]
 [    837     292       1       1       1]
 [    782     294       7       6      18]
 [    797     297       8       9      44]
 [    830     297      10       2      14]
 [    848     297      25       3      31]
 [    939     297      12       2      13]
 [    979     297       3       6      10]
 [    841     298       5       1       5]
 [    877     298      11       1      11]
 [    895     298       7       1       7]
 [    909     298      25       1      25]
 [   1129     298       7       1       7]
 [   1139     298       2       1       2]
 [    771     300       5       4      15]
 [   1030     300      27       3      49]
 [   1062     300      12       3      18]
 [   1077     301       4       1       4]
 [   1083     301       3       1       3]
 [   1169     301       1       1       1]
 [    874     304       3       2       5]
 [   1155     305       3      17      30]
 [   1968     305      24      25     274]
 [   2016     305       6      25     110]
 [   2026     305       5      25     125]
 [   2087     304       6       6      28]
 [   2413     305      16      25     169]
 [   2430     304      26      27     300]
 [   2460     305      22      25     318]
 [   2486     304      24      27     309]
 [   2524     305      20      25     326]
 [   2547     304      26      27     300]
 [   2574     305      20      25     165]
 [   2596     305      20      25     184]
 [   2617     304      26      27     299]
 [   2647     305      26      25     383]
 [   2677     305      19      26     262]
 [   2709     304       8      33     139]
 [   2719     305      19      25     232]
 [   2742     305      20      26     260]
 [   2764     304       8      33     138]
 [   2073     307      12      24     158]
 [    771     310       2       2       4]
 [   1994     311      19      20     218]
 [   2035     311      18      20     208]
 [   2055     311      17      20     166]
 [   2096     311      19      20     217]
 [   2118     311      18      19     201]
 [    780     313       4       2       8]
 [    802     312       2       4       7]
 [   2087     312       6      18      75]
 [    762     317       1       1       1]
 [    770     316       8       5      19]
 [    801     319       4       5      18]
 [    786     320       6       2       7]
 [    986     320       4      18      43]
 [    765     323       1       1       1]
 [    778     322       5       3       8]
 [    761     325       3       3       6]
 [    774     326       3       3       7]
 [    768     329       2       5       8]
 [    802     329       2       2       4]
 [    967     328       4      10      26]
 [   1153     329       5       5      19]
 [    762     335       1       1       1]
 [    974     334       9       4      30]
 [    792     341       4       3       9]
 [    798     340       8       4      16]
 [    986     341       3      32      60]
 [    757     342       3       1       3]
 [    977     343       6       4      17]
 [    751     344       1       6       6]
 [    970     344       3       7      14]
 [    812     351       5       1       5]
 [    793     353       2       2       4]
 [    970     352       3       9      19]
 [    977     352       6       5      19]
 [    799     354       2       1       2]
 [   1135     354       4       1       4]
 [    751     356       1       4       4]
 [    814     357       3       2       5]
 [    824     357       5       2       9]
 [    773     363       4       2       6]
 [    904     363       5       2       6]
 [    978     362       4       4      12]
 [   1131     362       1       3       3]
 [    971     365       2       6      10]
 [   1075     364       4       1       4]
 [    950     367       5       1       5]
 [   1103     366       1       2       2]
 [   1205     367       6       1       6]
 [    759     369       1       2       2]
 [    977     368       6       4      17]
 [   2533     369      26      27     330]
 [    751     371       5       4      12]
 [   1221     370       2       1       2]
 [   1968     370      20      25     292]
 [   2412     370      19      25     231]
 [   2435     370      20      26     259]
 [   2458     370      19      25     232]
 [   2481     370      18      26     269]
 [   2561     370      19      26     233]
 [   2615     370      17      25     206]
 [   2632     370      25      25     260]
 [   2659     370      16      25     147]
 [   2679     370      16      25     150]
 [    794     373      14       2      24]
 [    810     372       7       3      10]
 [    859     373       1       1       1]
 [    909     373       1       1       1]
 [   1021     372       9       3      15]
 [   1049     373       2       4       7]
 [   1012     376       2       2       4]
 [   1991     376      18      20     209]
 [   2012     376      16      20     202]
 [   2031     376      16      20     179]
 [   2050     376      19      20     218]
 [   2072     376      18      19     200]
 [    777     379       2       2       3]
 [   1040     378       2       2       3]
 [   1069     379       5       2       7]
 [   1025     380       1       3       3]
 [    750     382       1       1       1]
 [    925     382       1       2       2]
 [    930     382       3       2       5]
 [   2511     384      10       4      40]
 [   2592     384      10       4      40]
 [    749     387       2       4       7]
 [   1036     386       4       1       4]
 [    753     389       3       1       3]
 [   1004     392       4       1       4]
 [    978     402       1       1       1]
 [    984     403       1       5       5]
 [    978     413       2       3       4]
 [   1102     417       6       1       6]
 [    872     418      28       4      78]
 [    987     419       2      18      32]
 [   1062     419       5      10      27]
 [   1174     420      14       1      14]
 [    847     423       1       1       1]
 [    851     422      14       3      32]
 [   1194     423       2       1       2]
 [   1201     423       4       1       4]
 [    787     425      49       9     124]
 [    978     424       4       4      12]
 [    899     426       2       5       8]
 [   1224     432       3       2       5]
 [    770     435      16       6      42]
 [   1996     435       6       6      29]
 [   2024     435       7       6      28]
 [   2052     435       6       6      29]
 [   2689     435      26      27     300]
 [    872     436       3       1       3]
 [    978     436       4       4      14]
 [   1969     436      23      25     361]
 [   2412     436      20      26     259]
 [   2435     436       5      25     105]
 [   2445     436      16      25     169]
 [   2459     436      25      25     233]
 [   2486     436      18      25     259]
 [   2508     436      19      25     295]
 [   2539     436      15      26     141]
 [   2559     436      18      25     280]
 [   2579     436      25      25     263]
 [   2606     436      22      25     318]
 [   2632     436      20      26     261]
 [   2664     436      23      26     237]
 [    851     438      15       3      34]
 [    892     438       3       2       5]
 [    899     439       2       4       5]
 [   1202     439       4       1       4]
 [    766     441       4       2       6]
 [   1065     441       2       5       9]
 [    825     442       5       1       5]
 [    832     442       8       1       8]
 [    841     442       4       1       4]
 [   1209     442       4       1       4]
 [   1996     443       5      18      90]
 [   2003     443      20      18     165]
 [   2025     443       5      18      90]
 [   2033     442      16      20     182]
 [   2052     443       5      18      90]
 [   2061     442      19      20     219]
 [   2083     442      18      19     201]
 [    743     445       6       4      20]
 [    751     444      11       6      32]
 [    805     444      13       3      16]
 [   1218     445       5       1       5]
 [    781     447      20       6      39]
 [   1241     446       5     184     531]
 [    739     449       4       4       9]
 [   1225     448       2       1       2]
 [    990     451       2       8      13]
 [   1068     453       2      11      19]
 [    772     454       7       2      13]
 [    736     457      10      24      92]
 [    765     457       5       3      14]
 [   2718     456       5       6      24]
 [    762     461       1       1       1]
 [    755     463       5       3      10]
 [    747     464       4       1       4]
 [    751     466       3       3       6]
 [    882     467       3       1       3]
 [    897     467       1       1       1]
 [   1072     467       1      12      12]
 [    743     470       6      14      35]
 [    890     473       2       2       3]
 [    897     474       1       3       3]
 [    739     481       2       6      11]
 [    889     482       3       2       5]
 [    993     483       2      34      48]
 [    736     489       3      24      45]
 [    881     489       1       1       1]
 [    889     491       3       3       5]
 [   1074     490       2      14      15]
 [    743     492       3       3       6]
 [    897     493       1       3       3]
 [    889     501       3       2       6]
 [   2071     501       7       6      28]
 [   2100     501       6       6      29]
 [   2127     501       7       6      28]
 [   1968     502      20      25     292]
 [   2013     502      19      26     258]
 [   2045     502      23      25     352]
 [    881     507       1       2       2]
 [    744     509       4       5      12]
 [   1992     509      17      19     205]
 [   2072     509       5      18      90]
 [   2079     509      19      18     169]
 [   2101     509       5      18      90]
 [   2109     508      16      20     182]
 [   2128     509       5      18      90]
 [   2137     508      18      20     209]
 [   2159     508      17      19     206]
 [    890     510       1       2       2]
 [    880     517       2       5       7]
 [   1077     517       4      55     148]
 [   1084     520       1       1       1]
 [    753     523       1       1       1]
 [   1222     530       1       1       1]
 [    737     532       5     104     308]
 [    890     548       1       1       1]
 [    746     555       2       3       5]
 [   1084     557       5       2      10]
 [   1093     557       8       3      18]
 [   1111     557      17       2      31]
 [   1130     557      11       2      20]
 [   1144     558       4       1       4]
 [   1153     558       1       1       1]
 [   1162     558       1       1       1]
 [    882     567       5       1       5]
 [    888     566       9       3      18]
 [   1223     567       5       1       5]
 [   1968     567      24      25     274]
 [   2037     567      22      25     245]
 [    755     569       2       3       5]
 [   2015     569      12      24     155]
 [    863     570      10       2      14]
 [    746     573       3       6      16]
 [    836     573       4       2       7]
 [    842     573       4       2       6]
 [    809     575      15       4      33]
 [   1995     574      17      19     205]
 [    751     579       1       3       3]
 [    792     579      12       3      26]
 [   1228     579       1       2       2]
 [    772     582       6       2       9]
 [    783     582       2       3       5]
 [    759     585       7       3      16]
 [    890     586       2       1       2]
 [    753     589       2       1       2]
 [   1075     588       1      16      16]
 [    762     592       2       1       2]
 [    746     606       3       7      18]
 [   1075     606       1       3       3]
 [    746     620       3       5      10]
 [    905     625     171    1165  132103]
 [   1224     626       2       2       4]
 [   1969     633      20      25     299]
 [   2101     633      22      25     245]
 [   2413     633      27      25     400]
 [   2443     633      11      25     153]
 [   2458     633      18      25     229]
 [   2480     633      19      25     232]
 [   2503     633      18      25     228]
 [   2525     633      19      26     262]
 [   2548     633      20      25     343]
 [   2570     633      25      25     233]
 [   2595     633      20      26     259]
 [   2618     633      23      26     238]
 [   2643     633      26      26     299]
 [   2673     633      22      25     323]
 [   2698     633      20      25     182]
 [   2716     633      15      26     141]
 [   2733     633      25      25     259]
 [   2760     633      23      25     295]
 [   2787     633      20      26     259]
 [   2809     633      19      26     233]
 [   2831     633      19      25     232]
 [   2854     633      19      26     254]
 [   2875     633      33      25     377]
 [   2909     632      24      27     315]
 [   1241     635       1       2       2]
 [   2010     635      12      24     159]
 [   2023     635      12      24     158]
 [    741     637       1       1       1]
 [   1131     636       1       1       1]
 [   1991     639      17      20     214]
 [   2036     639      19      20     210]
 [   2058     639      11      19     116]
 [   2072     639      17      19     207]
 [   1138     642       2       1       2]
 [   1159     645       2       2       3]
 [   1148     648       3       2       5]
 [    802     657       4       3       7]
 [   1168     658       2       1       2]
 [    743     660       1       4       4]
 [    802     663       2       2       3]
 [    746     667       1       1       1]
 [    751     666       1       5       5]
 [   1219     666      22    1124    9019]
 [    800     673       2       2       4]
 [    743     694       2       9      17]
 [   2015     697      13      26     165]
 [   1969     698      23      25     361]
 [   2071     698       5      25     125]
 [   2102     698      24      26     270]
 [   2150     698       5      25     125]
 [   2413     698      23      25     313]
 [   2440     698      22      26     272]
 [   2467     698      22      25     318]
 [   2494     698      17      25     256]
 [   2523     698      33      25     379]
 [   2555     698      25      25     261]
 [   2581     698      19      26     260]
 [   2604     698      23      25     274]
 [   2079     700      12      24     155]
 [   1995     704      19      20     210]
 [   2028     704      17      20     215]
 [   2049     705      18      19     200]
 [   2128     704      19      20     219]
 [   2159     704      19      20     219]
 [   2181     704      11      19     116]
 [    755     719       2       3       4]
 [    756     736       4      10      14]
 [    762     748       1       4       4]
 [    765     757       1       4       4]
 [   1968     764      20      25     292]
 [   1990     764      15      25     163]
 [   2009     764      24      25     270]
 [   2045     764      20      25     299]
 [   2413     764      23      25     312]
 [   2440     764      18      25     263]
 [   2460     764      20      26     262]
 [   2484     764      20      25     244]
 [   2515     764      20      25     165]
 [   2536     764      26      26     299]
 [   2576     764      22      25     287]
 [   2602     764       5      25     125]
 [   2612     764      22      25     323]
 [   2639     764      22      25     323]
 [   2666     764      18      25     261]
 [   2687     764      20      25     287]
 [   2069     770      11      19     115]
 [   2081     770      19      20     217]
 [   2103     770      18      26     303]
 [   2126     770      11      19     115]
 [   2138     770      17      20     215]
 [   2159     770      28      19     312]
 [    745     772       6     314    1107]
 [   1228     773       1       2       2]
 [    762     824       1       1       1]
 [   1969     830      18      25     325]
 [   1990     830      24      26     269]
 [   2016     830      26      25     340]
 [   2053     830      34      25     439]
 [   2126     830      18      25     236]
 [   2087     836      17      20     215]
 [   2107     836      16      20     181]
 [    765     839       2       8      10]
 [   1969     895      23      25     378]
 [   2028     895      18      25     310]
 [   2049     895      23      25     272]
 [   2074     895      26      25     334]
 [   2111     895      35      25     436]
 [   2185     895      17      25     242]
 [   1996     901      19      20     213]
 [   2145     901      17      20     204]
 [   2165     901      16      20     179]
 [   1969     961      21      25     349]
 [   1993     960       6       6      29]
 [   2412     961      20      26     259]
 [   2435     961       5      25     105]
 [   2444     961      20      25     184]
 [   2465     961      20      26     267]
 [   2498     961      21      25     326]
 [   2523     961      17      25     256]
 [   2544     961      16      25     148]
 [   2562     960      25      27     296]
 [   2588     961      34      25     379]
 [   2632     961      33      25     379]
 [   2664     961      25      25     261]
 [   2691     961       5      25     104]
 [   2700     961      20      26     261]
 [   2722     961      20      25     185]
 [   2001     967      16      20     179]
 [   2020     967      18      20     213]
 [   1993     968       5      18      90]
 [   1017    1027       7      41     275]
 [   1969    1027      18      25     266]
 [   1990    1026       6       6      28]
 [   2023    1027      23      25     342]
 [   2119    1026       7       6      28]
 [   2164    1026       6       6      29]
 [   2226    1026       9      33     157]
 [   2307    1026       9      33     157]
 [   2412    1027      20      26     258]
 [   2435    1027      16      25     148]
 [   2455    1027       5      25     125]
 [   2464    1027      27      25     396]
 [   2505    1027      18      25     209]
 [   2526    1027       5      25     105]
 [   2535    1027      20      25     185]
 [   1998    1029      12      24     159]
 [   2149    1029      13      24     145]
 [   2048    1033      19      20     207]
 [   2069    1033      15      20     178]
 [   2087    1033      17      20     167]
 [   2107    1033      10      19     111]
 [   2129    1033      19      26     254]
 [   2173    1033      19      20     218]
 [   2195    1033      18      19     200]
 [   2238    1033      17      19     207]
 [   2258    1033      19      20     209]
 [   1991    1034       5      18      90]
 [   2120    1034       5      18      90]
 [   2164    1034       5      18      90]
 [   2278    1034      28      18     281]
 [   2138    1091       6       6      28]
 [   2182    1091       6       6      28]
 [   1969    1092      17      25     203]
 [   2041    1092      23      25     345]
 [   2412    1092      20      26     259]
 [   2435    1092      16      25     148]
 [   2455    1092       5      25     125]
 [   2464    1092      27      25     396]
 [   2505    1092      16      25     150]
 [   2525    1092      18      25     266]
 [   2546    1092      23      26     304]
 [   2168    1094      12      24     153]
 [    749    1098       2     183     293]
 [   1987    1098      19      20     208]
 [   2008    1098      19      26     305]
 [   2067    1098      18      20     210]
 [   2087    1098      16      20     182]
 [   2105    1098      17      20     165]
 [   2125    1098      11      19     114]
 [   2138    1099       6      18      77]
 [   2148    1098      18      26     265]
 [   2182    1099       6      18      76]
 [   2191    1098      19      20     217]
 [   2213    1098      18      19     201]
 [    756    1122       1       4       4]
 [   2433    1157      12      27      88]
 [   2482    1157      11      27      89]
 [   1968    1158      24      25     274]
 [   2082    1158      19      26     259]
 [   2413    1158      19      26     258]
 [   2447    1158      18      25     227]
 [   2468    1158      11      25     149]
 [   2495    1158      19      25     232]
 [   2517    1158      20      25     217]
 [   2557    1158      20      25     238]
 [   2589    1158      20      26     259]
 [   2612    1158      20      26     260]
 [   2645    1158      20      25     241]
 [   2668    1158      27      25     401]
 [   2047    1160      13      24     147]
 [    762    1163       1      10      10]
 [   1995    1164      11      19     115]
 [   2007    1164      19      20     210]
 [   2028    1164      17      20     213]
 [   2061    1164      19      20     205]
 [   2580    1164       5       6      24]
 [   2539    1178       6      10      39]
 [   2580    1178       5       6      24]
 [   1968    1223      24      25     274]
 [   2082    1223      19      26     261]
 [   2115    1223      21      25     370]
 [   2413    1223      20      25     344]
 [   2471    1223      18      26     229]
 [   2493    1222       5       5      22]
 [   2532    1223      20      26     259]
 [   2555    1222       5       5      21]
 [   2565    1223       4      25     100]
 [   2047    1225      13      24     148]
 [   1995    1229      11      19     115]
 [   2007    1229      19      20     210]
 [   2028    1229      17      20     214]
 [   2061    1229      19      20     206]
 [   2437    1229      11      19     107]
 [   2449    1229      19      20     192]
 [   2502    1229      18      20     190]
 [   2591    1229      19      20     191]
 [   2613    1229      11      19     108]
 [   2137    1230      20      26     217]
 [   2494    1230       4      18      72]
 [   2555    1230       5      18      85]
 [   2571    1230      19      18     144]
 [   1969    1289      28      25     463]
 [   2022    1289      18      26     268]
 [   2044    1288       6       6      29]
 [   2052    1288      13      26     163]
 [   2066    1288       6       6      28]
 [   2096    1289      18      26     270]
 [   2411    1289      12      25     131]
 [   2425    1288      12      27      90]
 [   2438    1289      11      25     132]
 [   2452    1289      20      25     221]
 [   2473    1288      12      27      90]
 [   2486    1289      19      25     231]
 [   2509    1289      19      26     258]
 [   2549    1289      20      25     238]
 [   2581    1289      20      26     258]
 [   2604    1289      19      26     262]
 [   2637    1289      19      25     238]
 [   2659    1289      27      25     397]
 [    750    1293       1      11      11]
 [   2000    1295      19      20     216]
 [   2075    1295      18      20     205]
 [   2572    1295       5       6      24]
 [   2045    1296       5      18      90]
 [   2066    1296       6      18      78]
 [   2531    1309       6      10      40]
 [   2572    1309       5       6      24]
 [    750    1319       1       3       3]
 [   1969    1355      28      25     466]
 [   2022    1355      18      26     268]
 [   2044    1354       6       6      29]
 [   2052    1354      13      26     163]
 [   2066    1354       6       6      28]
 [   2096    1355      18      26     270]
 [   2128    1355      21      25     394]
 [   2412    1355      20      26     259]
 [   2435    1354       5       5      21]
 [   2547    1355      20      26     268]
 [   2610    1357      12      24     129]
 [   2000    1361      19      20     217]
 [   2075    1361      18      20     207]
 [   2444    1361      17      19     185]
 [   2465    1361      16      20     143]
 [   2483    1361      19      20     191]
 [   2505    1361      10      19      94]
 [   2517    1361      18      20     192]
 [   2570    1361      16      20     190]
 [   2591    1361      17      19     185]
 [   2623    1361      19      20     192]
 [   2644    1361      16      20     165]
 [   2045    1362       5      18      90]
 [   2066    1362       6      18      80]
 [   2151    1362      19      25     210]
 [   2435    1362       5      18      85]
 [   1078    1379       1       7       7]
 [    751    1416      10     374    1952]
 [   1240    1442       1       1       1]
 [   1240    1618       1       3       3]
 [    765    1772      15       6      24]
 [    878    1774       4       1       4]
 [    893    1774       2       1       2]
 [    783    1777       6       2       8]
 [    796    1777       6       1       6]
 [    808    1776      11       3      25]
 [    831    1777       9       1       9]
 [    842    1777      10       1      10]
 [   1075    1776       9       2      15]
 [   1086    1776      23       2      29]
 [   1137    1777       2       1       2]
 [   1143    1777       2       1       2]
 [   1159    1777       2       1       2]
 [   1169    1777       1       1       1]
 [   1173    1776      31       3      55]
 [   1213    1776       4       3       8]
 [    773    1790       5       3       9]
 [    779    1790     123       4     231]
 [   1082    1790     136       4     287]
 [   3057    2489      20      27     226]
 [   3155    2489      10      27     109]
 [   3204    2488      12      28     133]
 [   3225    2489      18      27     201]
 [   3247    2489      17      28     197]
 [   3080    2496      18      21     196]
 [   3100    2496      18      28     238]
 [   3121    2496      19      21     195]
 [   3184    2496      19      21     177]]

after remove dots stats:
[[    36     31     26     27    339]
 [    64     31     25     27    226]
 [    91     31     21     28    256]
 [    86    135     40     29    585]
 [   115     31     21     27    163]
 [   126    142     21     23    277]
 [   140     31     20     27    270]
 [   149    142     19     23    245]
 [   165     31     24     27    288]
 [   170    137     14     28    216]
 [   185    142     22     23    278]
 [   203     31     20     27    226]
 [   211    142     12     22    153]
 [   227    142     20     22    259]
 [   225     31     25     27    227]
 [   252     31     23     28    226]
 [   251    134     28     31    456]
 [   283    135      6     29    154]
 [   279     31     48     27    462]
 [   293    142     22     23    282]
 [   317    143     23     21    221]
 [   329     31     25     28    292]
 [   341    142     21     23    278]
 [   359     31     20     27    270]
 [   376    134     28     31    370]
 [   406    142     22     23    283]
 [   432    142     20     22    263]
 [   455    137     14     28    216]
 [   472    142     12     22    140]
 [   487    143      6     21    113]
 [   497    142     20     23    222]
 [   519    134     23     31    451]
 [   558    135     23     29    380]
 [   585    135     24     29    456]
 [   612    134     31     31    459]
 [   647    135     27     29    458]
 [   736    489      3     24     45]
 [   737    532      5    104    308]
 [   739    481      2      6     11]
 [   736    457     10     24     92]
 [   743    694      2      9     17]
 [   744    509      4      5     12]
 [   743    470      6     14     35]
 [   746    573      3      6     16]
 [   746    606      3      7     18]
 [   745    772      6    314   1107]
 [   749   1098      2    183    293]
 [   750   1293      1     11     11]
 [   751    371      5      4     12]
 [   751   1416     10    374   1952]
 [   751    444     11      6     32]
 [   756    736      4     10     14]
 [   759    585      7      3     16]
 [   765   1772     15      6     24]
 [   770    316      8      5     19]
 [   772    454      7      2     13]
 [   770    435     16      6     42]
 [   751    254     69     87   1047]
 [   782    294      7      6     18]
 [   781    447     20      6     39]
 [   792    579     12      3     26]
 [   797    297      8      9     44]
 [   794    373     14      2     24]
 [   798    340      8      4     16]
 [   801    269      4     25     62]
 [   808    263      3     78    176]
 [   787    425     49      9    124]
 [   805    444     13      3     16]
 [   808   1776     11      3     25]
 [   809    575     15      4     33]
 [   831    282      7      4     16]
 [   779   1790    123      4    231]
 [   851    422     14      3     32]
 [   851    438     15      3     34]
 [   863    570     10      2     14]
 [   872    418     28      4     78]
 [   888    566      9      3     18]
 [   876    251     92      3    260]
 [   947    282      5      3     12]
 [   967    328      4     10     26]
 [   970    352      3      9     19]
 [   969    260      5     43     90]
 [   970    344      3      7     14]
 [   974    334      9      4     30]
 [   977    352      6      5     19]
 [   977    368      6      4     17]
 [   977    343      6      4     17]
 [   986    341      3     32     60]
 [   986    320      4     18     43]
 [   986    261      4     15     32]
 [   987    419      2     18     32]
 [   905    625    171   1165 132103]
 [   990    451      2      8     13]
 [   993    483      2     34     48]
 [   990    253     32      1     32]
 [  1017   1027      7     41    275]
 [  1021    372      9      3     15]
 [  1030    300     27      3     49]
 [  1062    419      5     10     27]
 [  1062    300     12      3     18]
 [  1068    453      2     11     19]
 [  1072    467      1     12     12]
 [  1074    490      2     14     15]
 [  1075    588      1     16     16]
 [  1077    517      4     55    148]
 [  1075   1776      9      2     15]
 [  1093    557      8      3     18]
 [  1086   1776     23      2     29]
 [  1111    557     17      2     31]
 [  1130    557     11      2     20]
 [  1054    254    187    183   2653]
 [  1132    135     32     29    615]
 [  1082   1790    136      4    287]
 [  1146    264      9     34     91]
 [  1155    305      3     17     30]
 [  1168    135     14     29    221]
 [  1174    420     14      1     14]
 [  1173   1776     31      3     55]
 [  1187    134     22     30    360]
 [  1213    134     22     30    360]
 [  1219    666     22   1124   9019]
 [  1241    446      5    184    531]
 [  1239    134     22     30    364]
 [  1266    135     22     30    391]
 [  1293    135     24     29    502]
 [  1318    135     30     29    370]
 [  1349    134     24     31    401]
 [  1376    135     23     30    397]
 [  1402    134     24     31    416]
 [  1428    134     23     31    368]
 [  1466    135     25     29    391]
 [  1491    134     31     31    460]
 [  1526    135     26     29    484]
 [  1558    135     24     29    451]
 [  1583    135     30     29    406]
 [  1616    135     27     29    458]
 [  1969   1092     17     25    203]
 [  1968    370     20     25    292]
 [  1969   1027     18     25    266]
 [  1968    764     20     25    292]
 [  1968    502     20     25    292]
 [  1969    830     18     25    325]
 [  1969    633     20     25    299]
 [  1969    961     21     25    349]
 [  1968    239     24     25    274]
 [  1968    567     24     25    274]
 [  1968   1223     24     25    274]
 [  1968   1158     24     25    274]
 [  1968    305     24     25    274]
 [  1969    698     23     25    361]
 [  1969    895     23     25    378]
 [  1969    436     23     25    361]
 [  1969   1355     28     25    466]
 [  1969   1289     28     25    463]
 [  1991   1034      5     18     90]
 [  1993    968      5     18     90]
 [  1987   1098     19     20    208]
 [  1990    764     15     25    163]
 [  1996    443      5     18     90]
 [  1991    639     17     20    214]
 [  1991    376     18     20    209]
 [  1995   1164     11     19    115]
 [  1992    509     17     19    205]
 [  1995   1229     11     19    115]
 [  1990    830     24     26    269]
 [  1994    245     19     20    217]
 [  1994    311     19     20    218]
 [  1995    574     17     19    205]
 [  1998   1029     12     24    159]
 [  1995    704     19     20    210]
 [  1996    901     19     20    213]
 [  2001    967     16     20    179]
 [  2000   1295     19     20    216]
 [  2000   1361     19     20    217]
 [  2003    443     20     18    165]
 [  2010    635     12     24    159]
 [  2007   1229     19     20    210]
 [  2007   1164     19     20    210]
 [  2008   1098     19     26    305]
 [  2016    305      6     25    110]
 [  2012    376     16     20    202]
 [  2009    764     24     25    270]
 [  2015    569     12     24    155]
 [  2015    697     13     26    165]
 [  2013    502     19     26    258]
 [  2016    239     18     26    263]
 [  2025    443      5     18     90]
 [  2026    305      5     25    125]
 [  2023    635     12     24    158]
 [  2016    830     26     25    340]
 [  2020    967     18     20    213]
 [  2022   1355     18     26    268]
 [  2022   1289     18     26    268]
 [  2023   1027     23     25    342]
 [  2028   1229     17     20    214]
 [  2028    704     17     20    215]
 [  2028   1164     17     20    213]
 [  2028    895     18     25    310]
 [  2031    376     16     20    179]
 [  2033    442     16     20    182]
 [  2035    311     18     20    208]
 [  2036    639     19     20    210]
 [  2038    245     18     20    211]
 [  2045   1362      5     18     90]
 [  2045   1296      5     18     90]
 [  2037    567     22     25    245]
 [  2041   1092     23     25    345]
 [  2047   1160     13     24    147]
 [  2047   1225     13     24    148]
 [  2052    443      5     18     90]
 [  2045    764     20     25    299]
 [  2045    502     23     25    352]
 [  2048   1033     19     20    207]
 [  2049    705     18     19    200]
 [  2052   1288     13     26    163]
 [  2052   1354     13     26    163]
 [  2050    376     19     20    218]
 [  2049    895     23     25    272]
 [  2055    311     17     20    166]
 [  2058    639     11     19    116]
 [  2054    135     21     29    337]
 [  2066   1362      6     18     80]
 [  2066   1296      6     18     78]
 [  2053    830     34     25    439]
 [  2061    442     19     20    219]
 [  2061   1229     19     20    206]
 [  2061   1164     19     20    205]
 [  2071    698      5     25    125]
 [  2072    509      5     18     90]
 [  2069    770     11     19    115]
 [  2067   1098     18     20    210]
 [  2069   1033     15     20    178]
 [  2073    307     12     24    158]
 [  2072    639     17     19    207]
 [  2072    376     18     19    200]
 [  2075   1295     18     20    205]
 [  2075   1361     18     20    207]
 [  2079    700     12     24    155]
 [  2074    895     26     25    334]
 [  2079    509     19     18    169]
 [  2087    312      6     18     75]
 [  2081    770     19     20    217]
 [  2079    135     24     29    450]
 [  2082   1223     19     26    261]
 [  2082   1158     19     26    259]
 [  2083    442     18     19    201]
 [  2087   1098     16     20    182]
 [  2087   1033     17     20    167]
 [  2087    836     17     20    215]
 [  2101    509      5     18     90]
 [  2096   1289     18     26    270]
 [  2096   1355     18     26    270]
 [  2096    311     19     20    217]
 [  2103    770     18     26    303]
 [  2107   1033     10     19    111]
 [  2101    633     22     25    245]
 [  2105   1098     17     20    165]
 [  2102    698     24     26    270]
 [  2107    836     16     20    181]
 [  2109    508     16     20    182]
 [  2106    134     30     31    456]
 [  2120   1034      5     18     90]
 [  2115   1223     21     25    370]
 [  2118    311     18     19    201]
 [  2111    895     35     25    436]
 [  2128    509      5     18     90]
 [  2125   1098     11     19    114]
 [  2126    770     11     19    115]
 [  2126    830     18     25    236]
 [  2128    704     19     20    219]
 [  2129   1033     19     26    254]
 [  2128   1355     21     25    394]
 [  2138   1099      6     18     77]
 [  2137    508     18     20    209]
 [  2138    770     17     20    215]
 [  2137   1230     20     26    217]
 [  2150    698      5     25    125]
 [  2145    901     17     20    204]
 [  2141    135     26     29    482]
 [  2149   1029     13     24    145]
 [  2148   1098     18     26    265]
 [  2151   1362     19     25    210]
 [  2164   1034      5     18     90]
 [  2159    508     17     19    206]
 [  2159    704     19     20    219]
 [  2159    770     28     19    312]
 [  2165    901     16     20    179]
 [  2168   1094     12     24    153]
 [  2173   1033     19     20    218]
 [  2171    135     23     29    275]
 [  2182   1099      6     18     76]
 [  2181    704     11     19    116]
 [  2185    895     17     25    242]
 [  2191   1098     19     20    217]
 [  2195   1033     18     19    200]
 [  2206    135     31     29    407]
 [  2213   1098     18     19    201]
 [  2226   1026      9     33    157]
 [  2238   1033     17     19    207]
 [  2239    135     26     29    484]
 [  2258   1033     19     20    209]
 [  2271    135     27     29    458]
 [  2278   1034     28     18    281]
 [  2307   1026      9     33    157]
 [  2313    135     25     29    498]
 [  2340    135     30     29    407]
 [  2370    134     27     31    366]
 [  2401    135     25     29    394]
 [  2411   1289     12     25    131]
 [  2413    305     16     25    169]
 [  2412    370     19     25    231]
 [  2412    961     20     26    259]
 [  2412    436     20     26    259]
 [  2412   1027     20     26    258]
 [  2412   1092     20     26    259]
 [  2412   1355     20     26    259]
 [  2413   1158     19     26    258]
 [  2413   1223     20     25    344]
 [  2411    239     25     25    261]
 [  2413    698     23     25    313]
 [  2413    764     23     25    312]
 [  2413    633     27     25    400]
 [  2425   1288     12     27     90]
 [  2435   1362      5     18     85]
 [  2435    961      5     25    105]
 [  2435    436      5     25    105]
 [  2433   1157     12     27     88]
 [  2437   1229     11     19    107]
 [  2435   1092     16     25    148]
 [  2435   1027     16     25    148]
 [  2430    304     26     27    300]
 [  2438   1289     11     25    132]
 [  2435    370     20     26    259]
 [  2437    239     20     26    258]
 [  2443    633     11     25    153]
 [  2440    764     18     25    263]
 [  2438    134     24     31    405]
 [  2440    698     22     26    272]
 [  2444   1361     17     19    185]
 [  2445    436     16     25    169]
 [  2444    961     20     25    184]
 [  2447   1158     18     25    227]
 [  2455   1092      5     25    125]
 [  2455   1027      5     25    125]
 [  2449   1229     19     20    192]
 [  2452   1289     20     25    221]
 [  2458    633     18     25    229]
 [  2458    370     19     25    232]
 [  2460    764     20     26    262]
 [  2460    305     22     25    318]
 [  2459    436     25     25    233]
 [  2465   1361     16     20    143]
 [  2468   1158     11     25    149]
 [  2460    239     27     25    396]
 [  2465    961     20     26    267]
 [  2464   1027     27     25    396]
 [  2464   1092     27     25    396]
 [  2467    698     22     25    318]
 [  2466    135     25     29    406]
 [  2473   1288     12     27     90]
 [  2471   1223     18     26    229]
 [  2482   1157     11     27     89]
 [  2480    633     19     25    232]
 [  2481    370     18     26    269]
 [  2483   1361     19     20    191]
 [  2484    764     20     25    244]
 [  2490    253     10      4     38]
 [  2486    436     18     25    259]
 [  2486   1289     19     25    231]
 [  2494   1230      4     18     72]
 [  2486    304     24     27    309]
 [  2494    698     17     25    256]
 [  2494    135     21     29    406]
 [  2495   1158     19     25    232]
 [  2498    961     21     25    326]
 [  2505   1361     10     19     94]
 [  2498    239     26     25    234]
 [  2502   1229     18     20    190]
 [  2503    633     18     25    228]
 [  2505   1092     16     25    150]
 [  2505   1027     18     25    209]
 [  2511    384     10      4     40]
 [  2508    436     19     25    295]
 [  2509   1289     19     26    258]
 [  2515    764     20     25    165]
 [  2517   1361     18     20    192]
 [  2517   1158     20     25    217]
 [  2526   1027      5     25    105]
 [  2518    135     23     29    275]
 [  2523    961     17     25    256]
 [  2524    305     20     25    326]
 [  2531   1309      6     10     40]
 [  2525   1092     18     25    266]
 [  2525    633     19     26    262]
 [  2526    239     22     25    323]
 [  2523    698     33     25    379]
 [  2539   1178      6     10     39]
 [  2532   1223     20     26    259]
 [  2535   1027     20     25    185]
 [  2533    369     26     27    330]
 [  2539    436     15     26    141]
 [  2536    764     26     26    299]
 [  2544    961     16     25    148]
 [  2543    134     27     31    365]
 [  2547   1355     20     26    268]
 [  2546   1092     23     26    304]
 [  2555   1230      5     18     85]
 [  2548    633     20     25    343]
 [  2549   1289     20     25    238]
 [  2547    304     26     27    300]
 [  2565   1223      4     25    100]
 [  2557   1158     20     25    238]
 [  2555    698     25     25    261]
 [  2559    436     18     25    280]
 [  2561    370     19     26    233]
 [  2562    960     25     27    296]
 [  2570   1361     16     20    190]
 [  2571   1230     19     18    144]
 [  2570    633     25     25    233]
 [  2574    305     20     25    165]
 [  2576    764     22     25    287]
 [  2574    135     27     29    440]
 [  2581    698     19     26    260]
 [  2581   1289     20     26    258]
 [  2579    436     25     25    263]
 [  2592    384     10      4     40]
 [  2589   1158     20     26    259]
 [  2591   1361     17     19    185]
 [  2591   1229     19     20    191]
 [  2602    764      5     25    125]
 [  2595    633     20     26    259]
 [  2588    961     34     25    379]
 [  2596    305     20     25    184]
 [  2604   1289     19     26    262]
 [  2604    698     23     25    274]
 [  2610   1357     12     24    129]
 [  2606    436     22     25    318]
 [  2613   1229     11     19    108]
 [  2612   1158     20     26    260]
 [  2612    764     22     25    323]
 [  2615    370     17     25    206]
 [  2618    633     23     26    238]
 [  2617    304     26     27    299]
 [  2623   1361     19     20    192]
 [  2632    436     20     26    261]
 [  2632    370     25     25    260]
 [  2637   1289     19     25    238]
 [  2632    961     33     25    379]
 [  2639    764     22     25    323]
 [  2644   1361     16     20    165]
 [  2645   1158     20     25    241]
 [  2643    633     26     26    299]
 [  2647    305     26     25    383]
 [  2659    370     16     25    147]
 [  2659   1289     27     25    397]
 [  2666    764     18     25    261]
 [  2664    436     23     26    237]
 [  2664    961     25     25    261]
 [  2668   1158     27     25    401]
 [  2673    633     22     25    323]
 [  2677    305     19     26    262]
 [  2679    370     16     25    150]
 [  2691    961      5     25    104]
 [  2687    764     20     25    287]
 [  2689    435     26     27    300]
 [  2698    633     20     25    182]
 [  2700    961     20     26    261]
 [  2709    304      8     33    139]
 [  2716    633     15     26    141]
 [  2719    305     19     25    232]
 [  2722    961     20     25    185]
 [  2733    633     25     25    259]
 [  2742    305     20     26    260]
 [  2764    304      8     33    138]
 [  2760    633     23     25    295]
 [  2787    633     20     26    259]
 [  2809    633     19     26    233]
 [  2831    633     19     25    232]
 [  2854    633     19     26    254]
 [  2875    633     33     25    377]
 [  2909    632     24     27    315]
 [  3042    135     32     29    593]
 [  3057   2489     20     27    226]
 [  3080   2496     18     21    196]
 [  3076    135     30     29    406]
 [  3100   2496     18     28    238]
 [  3107    134     24     31    398]
 [  3121   2496     19     21    195]
 [  3133    135     23     29    275]
 [  3155   2489     10     27    109]
 [  3160    135     21     29    406]
 [  3184   2496     19     21    177]
 [  3185    135     24     29    447]
 [  3204   2488     12     28    133]
 [  3225   2489     18     27    201]
 [  3247   2489     17     28    197]]

mask_pixels:
[ True  True  True  True  True  True  True  True  True  True  True  True
  True  True  True  True  True  True  True  True  True  True  True  True
  True  True  True  True  True  True  True  True  True  True  True  True
  True  True  True  True  True  True  True  True  True  True  True  True
  True  True  True  True  True  True  True  True  True  True  True  True
  True  True  True  True  True  True  True  True  True  True  True  True
  True  True  True  True  True  True  True  True  True  True  True  True
  True  True  True  True False False False False False False False  True
 False  True  True  True False False  True  True  True  True  True False
 False False  True False False False False  True False  True  True  True
  True  True False False  True False  True False False  True  True False
 False  True  True  True  True  True  True  True  True  True  True  True
  True  True  True  True  True  True  True  True  True  True  True  True
  True  True False False  True  True False  True False False  True  True
  True  True False  True False  True False  True  True False False False
 False False False False False False False False False False  True  True
  True False  True  True  True  True  True  True  True  True  True  True
  True False  True False  True  True  True  True  True False False False
  True  True False False False False False False False  True  True  True
  True  True False False  True False  True  True False  True  True  True
  True  True  True  True  True  True  True  True  True  True  True False
 False False False False False False False  True  True  True  True  True
  True  True  True  True False  True  True False  True  True  True  True
 False False False  True  True False  True  True  True  True False  True
  True  True False  True  True  True  True  True  True  True  True  True
 False False  True  True False  True  True  True False False  True False
  True  True  True  True  True False False  True  True False  True False
 False  True False False  True False  True False False  True  True  True
  True  True  True  True  True  True  True  True  True  True  True  True
  True  True  True  True  True  True  True  True  True  True False  True
  True  True  True  True  True False False False False False  True  True
  True  True  True  True  True  True  True  True  True  True  True  True
  True  True  True  True  True  True  True  True False  True False False
  True  True  True  True  True  True  True  True  True  True  True  True
  True  True  True  True  True  True  True  True  True  True  True False
  True  True  True  True  True  True  True False  True  True  True  True
  True  True  True  True  True  True  True  True  True  True  True  True
  True  True  True  True  True  True  True  True  True  True  True  True
  True  True  True  True  True  True  True  True  True  True  True  True
  True  True  True  True  True  True  True  True  True  True  True  True
  True  True  True  True  True  True  True  True  True  True  True  True
  True  True  True  True  True  True  True  True  True  True  True  True
 False  True  True  True  True  True  True  True  True  True  True  True
  True  True  True  True False  True  True  True  True  True  True  True
  True  True  True  True  True  True  True  True  True  True  True  True
  True  True  True  True  True  True  True  True  True  True  True  True
  True  True  True  True  True  True  True  True  True  True  True  True
  True  True  True  True  True False  True  True  True  True  True  True
  True  True  True  True  True  True  True  True  True  True  True  True
  True  True  True  True  True False  True False  True False False False
 False  True False False  True  True False False False  True False False
  True  True  True  True  True  True  True  True  True  True  True]

complete_stats:
[[3.60000e+01 3.10000e+01 2.60000e+01 2.70000e+01 3.39000e+02 4.90000e+01
  4.45000e+01]
 [6.40000e+01 3.10000e+01 2.50000e+01 2.70000e+01 2.26000e+02 7.65000e+01
  4.45000e+01]
 [9.10000e+01 3.10000e+01 2.10000e+01 2.80000e+01 2.56000e+02 1.01500e+02
  4.50000e+01]
 [1.15000e+02 3.10000e+01 2.10000e+01 2.70000e+01 1.63000e+02 1.25500e+02
  4.45000e+01]
 [1.40000e+02 3.10000e+01 2.00000e+01 2.70000e+01 2.70000e+02 1.50000e+02
  4.45000e+01]
 [1.65000e+02 3.10000e+01 2.40000e+01 2.70000e+01 2.88000e+02 1.77000e+02
  4.45000e+01]
 [2.03000e+02 3.10000e+01 2.00000e+01 2.70000e+01 2.26000e+02 2.13000e+02
  4.45000e+01]
 [2.25000e+02 3.10000e+01 2.50000e+01 2.70000e+01 2.27000e+02 2.37500e+02
  4.45000e+01]
 [2.52000e+02 3.10000e+01 2.30000e+01 2.80000e+01 2.26000e+02 2.63500e+02
  4.50000e+01]
 [2.79000e+02 3.10000e+01 4.80000e+01 2.70000e+01 4.62000e+02 3.03000e+02
  4.45000e+01]
 [3.29000e+02 3.10000e+01 2.50000e+01 2.80000e+01 2.92000e+02 3.41500e+02
  4.50000e+01]
 [3.59000e+02 3.10000e+01 2.00000e+01 2.70000e+01 2.70000e+02 3.69000e+02
  4.45000e+01]
 [8.60000e+01 1.35000e+02 4.00000e+01 2.90000e+01 5.85000e+02 1.06000e+02
  1.49500e+02]
 [2.51000e+02 1.34000e+02 2.80000e+01 3.10000e+01 4.56000e+02 2.65000e+02
  1.49500e+02]
 [2.83000e+02 1.35000e+02 6.00000e+00 2.90000e+01 1.54000e+02 2.86000e+02
  1.49500e+02]
 [3.76000e+02 1.34000e+02 2.80000e+01 3.10000e+01 3.70000e+02 3.90000e+02
  1.49500e+02]
 [5.19000e+02 1.34000e+02 2.30000e+01 3.10000e+01 4.51000e+02 5.30500e+02
  1.49500e+02]
 [5.58000e+02 1.35000e+02 2.30000e+01 2.90000e+01 3.80000e+02 5.69500e+02
  1.49500e+02]
 [5.85000e+02 1.35000e+02 2.40000e+01 2.90000e+01 4.56000e+02 5.97000e+02
  1.49500e+02]
 [6.12000e+02 1.34000e+02 3.10000e+01 3.10000e+01 4.59000e+02 6.27500e+02
  1.49500e+02]
 [6.47000e+02 1.35000e+02 2.70000e+01 2.90000e+01 4.58000e+02 6.60500e+02
  1.49500e+02]
 [1.13200e+03 1.35000e+02 3.20000e+01 2.90000e+01 6.15000e+02 1.14800e+03
  1.49500e+02]
 [1.16800e+03 1.35000e+02 1.40000e+01 2.90000e+01 2.21000e+02 1.17500e+03
  1.49500e+02]
 [1.18700e+03 1.34000e+02 2.20000e+01 3.00000e+01 3.60000e+02 1.19800e+03
  1.49000e+02]
 [1.21300e+03 1.34000e+02 2.20000e+01 3.00000e+01 3.60000e+02 1.22400e+03
  1.49000e+02]
 [1.23900e+03 1.34000e+02 2.20000e+01 3.00000e+01 3.64000e+02 1.25000e+03
  1.49000e+02]
 [1.26600e+03 1.35000e+02 2.20000e+01 3.00000e+01 3.91000e+02 1.27700e+03
  1.50000e+02]
 [1.29300e+03 1.35000e+02 2.40000e+01 2.90000e+01 5.02000e+02 1.30500e+03
  1.49500e+02]
 [1.31800e+03 1.35000e+02 3.00000e+01 2.90000e+01 3.70000e+02 1.33300e+03
  1.49500e+02]
 [1.34900e+03 1.34000e+02 2.40000e+01 3.10000e+01 4.01000e+02 1.36100e+03
  1.49500e+02]
 [1.37600e+03 1.35000e+02 2.30000e+01 3.00000e+01 3.97000e+02 1.38750e+03
  1.50000e+02]
 [1.40200e+03 1.34000e+02 2.40000e+01 3.10000e+01 4.16000e+02 1.41400e+03
  1.49500e+02]
 [1.42800e+03 1.34000e+02 2.30000e+01 3.10000e+01 3.68000e+02 1.43950e+03
  1.49500e+02]
 [1.46600e+03 1.35000e+02 2.50000e+01 2.90000e+01 3.91000e+02 1.47850e+03
  1.49500e+02]
 [1.49100e+03 1.34000e+02 3.10000e+01 3.10000e+01 4.60000e+02 1.50650e+03
  1.49500e+02]
 [1.52600e+03 1.35000e+02 2.60000e+01 2.90000e+01 4.84000e+02 1.53900e+03
  1.49500e+02]
 [1.55800e+03 1.35000e+02 2.40000e+01 2.90000e+01 4.51000e+02 1.57000e+03
  1.49500e+02]
 [1.58300e+03 1.35000e+02 3.00000e+01 2.90000e+01 4.06000e+02 1.59800e+03
  1.49500e+02]
 [1.61600e+03 1.35000e+02 2.70000e+01 2.90000e+01 4.58000e+02 1.62950e+03
  1.49500e+02]
 [2.05400e+03 1.35000e+02 2.10000e+01 2.90000e+01 3.37000e+02 2.06450e+03
  1.49500e+02]
 [2.07900e+03 1.35000e+02 2.40000e+01 2.90000e+01 4.50000e+02 2.09100e+03
  1.49500e+02]
 [2.10600e+03 1.34000e+02 3.00000e+01 3.10000e+01 4.56000e+02 2.12100e+03
  1.49500e+02]
 [2.14100e+03 1.35000e+02 2.60000e+01 2.90000e+01 4.82000e+02 2.15400e+03
  1.49500e+02]
 [2.17100e+03 1.35000e+02 2.30000e+01 2.90000e+01 2.75000e+02 2.18250e+03
  1.49500e+02]
 [2.20600e+03 1.35000e+02 3.10000e+01 2.90000e+01 4.07000e+02 2.22150e+03
  1.49500e+02]
 [2.23900e+03 1.35000e+02 2.60000e+01 2.90000e+01 4.84000e+02 2.25200e+03
  1.49500e+02]
 [2.27100e+03 1.35000e+02 2.70000e+01 2.90000e+01 4.58000e+02 2.28450e+03
  1.49500e+02]
 [2.31300e+03 1.35000e+02 2.50000e+01 2.90000e+01 4.98000e+02 2.32550e+03
  1.49500e+02]
 [2.34000e+03 1.35000e+02 3.00000e+01 2.90000e+01 4.07000e+02 2.35500e+03
  1.49500e+02]
 [2.37000e+03 1.34000e+02 2.70000e+01 3.10000e+01 3.66000e+02 2.38350e+03
  1.49500e+02]
 [2.40100e+03 1.35000e+02 2.50000e+01 2.90000e+01 3.94000e+02 2.41350e+03
  1.49500e+02]
 [2.43800e+03 1.34000e+02 2.40000e+01 3.10000e+01 4.05000e+02 2.45000e+03
  1.49500e+02]
 [2.46600e+03 1.35000e+02 2.50000e+01 2.90000e+01 4.06000e+02 2.47850e+03
  1.49500e+02]
 [2.49400e+03 1.35000e+02 2.10000e+01 2.90000e+01 4.06000e+02 2.50450e+03
  1.49500e+02]
 [2.51800e+03 1.35000e+02 2.30000e+01 2.90000e+01 2.75000e+02 2.52950e+03
  1.49500e+02]
 [2.54300e+03 1.34000e+02 2.70000e+01 3.10000e+01 3.65000e+02 2.55650e+03
  1.49500e+02]
 [2.57400e+03 1.35000e+02 2.70000e+01 2.90000e+01 4.40000e+02 2.58750e+03
  1.49500e+02]
 [3.04200e+03 1.35000e+02 3.20000e+01 2.90000e+01 5.93000e+02 3.05800e+03
  1.49500e+02]
 [3.07600e+03 1.35000e+02 3.00000e+01 2.90000e+01 4.06000e+02 3.09100e+03
  1.49500e+02]
 [3.10700e+03 1.34000e+02 2.40000e+01 3.10000e+01 3.98000e+02 3.11900e+03
  1.49500e+02]
 [3.13300e+03 1.35000e+02 2.30000e+01 2.90000e+01 2.75000e+02 3.14450e+03
  1.49500e+02]
 [3.16000e+03 1.35000e+02 2.10000e+01 2.90000e+01 4.06000e+02 3.17050e+03
  1.49500e+02]
 [3.18500e+03 1.35000e+02 2.40000e+01 2.90000e+01 4.47000e+02 3.19700e+03
  1.49500e+02]
 [1.70000e+02 1.37000e+02 1.40000e+01 2.80000e+01 2.16000e+02 1.77000e+02
  1.51000e+02]
 [4.55000e+02 1.37000e+02 1.40000e+01 2.80000e+01 2.16000e+02 4.62000e+02
  1.51000e+02]
 [1.26000e+02 1.42000e+02 2.10000e+01 2.30000e+01 2.77000e+02 1.36500e+02
  1.53500e+02]
 [1.49000e+02 1.42000e+02 1.90000e+01 2.30000e+01 2.45000e+02 1.58500e+02
  1.53500e+02]
 [1.85000e+02 1.42000e+02 2.20000e+01 2.30000e+01 2.78000e+02 1.96000e+02
  1.53500e+02]
 [2.11000e+02 1.42000e+02 1.20000e+01 2.20000e+01 1.53000e+02 2.17000e+02
  1.53000e+02]
 [2.27000e+02 1.42000e+02 2.00000e+01 2.20000e+01 2.59000e+02 2.37000e+02
  1.53000e+02]
 [2.93000e+02 1.42000e+02 2.20000e+01 2.30000e+01 2.82000e+02 3.04000e+02
  1.53500e+02]
 [3.17000e+02 1.43000e+02 2.30000e+01 2.10000e+01 2.21000e+02 3.28500e+02
  1.53500e+02]
 [3.41000e+02 1.42000e+02 2.10000e+01 2.30000e+01 2.78000e+02 3.51500e+02
  1.53500e+02]
 [4.06000e+02 1.42000e+02 2.20000e+01 2.30000e+01 2.83000e+02 4.17000e+02
  1.53500e+02]
 [4.32000e+02 1.42000e+02 2.00000e+01 2.20000e+01 2.63000e+02 4.42000e+02
  1.53000e+02]
 [4.72000e+02 1.42000e+02 1.20000e+01 2.20000e+01 1.40000e+02 4.78000e+02
  1.53000e+02]
 [4.87000e+02 1.43000e+02 6.00000e+00 2.10000e+01 1.13000e+02 4.90000e+02
  1.53500e+02]
 [4.97000e+02 1.42000e+02 2.00000e+01 2.30000e+01 2.22000e+02 5.07000e+02
  1.53500e+02]
 [1.96800e+03 2.39000e+02 2.40000e+01 2.50000e+01 2.74000e+02 1.98000e+03
  2.51500e+02]
 [2.01600e+03 2.39000e+02 1.80000e+01 2.60000e+01 2.63000e+02 2.02500e+03
  2.52000e+02]
 [2.41100e+03 2.39000e+02 2.50000e+01 2.50000e+01 2.61000e+02 2.42350e+03
  2.51500e+02]
 [2.43700e+03 2.39000e+02 2.00000e+01 2.60000e+01 2.58000e+02 2.44700e+03
  2.52000e+02]
 [2.46000e+03 2.39000e+02 2.70000e+01 2.50000e+01 3.96000e+02 2.47350e+03
  2.51500e+02]
 [2.49800e+03 2.39000e+02 2.60000e+01 2.50000e+01 2.34000e+02 2.51100e+03
  2.51500e+02]
 [2.52600e+03 2.39000e+02 2.20000e+01 2.50000e+01 3.23000e+02 2.53700e+03
  2.51500e+02]
 [1.99400e+03 2.45000e+02 1.90000e+01 2.00000e+01 2.17000e+02 2.00350e+03
  2.55000e+02]
 [2.03800e+03 2.45000e+02 1.80000e+01 2.00000e+01 2.11000e+02 2.04700e+03
  2.55000e+02]
 [8.76000e+02 2.51000e+02 9.20000e+01 3.00000e+00 2.60000e+02 9.22000e+02
  2.52500e+02]
 [9.90000e+02 2.53000e+02 3.20000e+01 1.00000e+00 3.20000e+01 1.00600e+03
  2.53500e+02]
 [2.49000e+03 2.53000e+02 1.00000e+01 4.00000e+00 3.80000e+01 2.49500e+03
  2.55000e+02]
 [7.51000e+02 2.54000e+02 6.90000e+01 8.70000e+01 1.04700e+03 7.85500e+02
  2.97500e+02]
 [1.05400e+03 2.54000e+02 1.87000e+02 1.83000e+02 2.65300e+03 1.14750e+03
  3.45500e+02]
 [9.69000e+02 2.60000e+02 5.00000e+00 4.30000e+01 9.00000e+01 9.71500e+02
  2.81500e+02]
 [9.86000e+02 2.61000e+02 4.00000e+00 1.50000e+01 3.20000e+01 9.88000e+02
  2.68500e+02]
 [8.08000e+02 2.63000e+02 3.00000e+00 7.80000e+01 1.76000e+02 8.09500e+02
  3.02000e+02]
 [1.14600e+03 2.64000e+02 9.00000e+00 3.40000e+01 9.10000e+01 1.15050e+03
  2.81000e+02]
 [8.01000e+02 2.69000e+02 4.00000e+00 2.50000e+01 6.20000e+01 8.03000e+02
  2.81500e+02]
 [8.31000e+02 2.82000e+02 7.00000e+00 4.00000e+00 1.60000e+01 8.34500e+02
  2.84000e+02]
 [9.47000e+02 2.82000e+02 5.00000e+00 3.00000e+00 1.20000e+01 9.49500e+02
  2.83500e+02]
 [7.82000e+02 2.94000e+02 7.00000e+00 6.00000e+00 1.80000e+01 7.85500e+02
  2.97000e+02]
 [7.97000e+02 2.97000e+02 8.00000e+00 9.00000e+00 4.40000e+01 8.01000e+02
  3.01500e+02]
 [8.30000e+02 2.97000e+02 1.00000e+01 2.00000e+00 1.40000e+01 8.35000e+02
  2.98000e+02]
 [8.48000e+02 2.97000e+02 2.50000e+01 3.00000e+00 3.10000e+01 8.60500e+02
  2.98500e+02]
 [9.39000e+02 2.97000e+02 1.20000e+01 2.00000e+00 1.30000e+01 9.45000e+02
  2.98000e+02]
 [8.77000e+02 2.98000e+02 1.10000e+01 1.00000e+00 1.10000e+01 8.82500e+02
  2.98500e+02]
 [9.09000e+02 2.98000e+02 2.50000e+01 1.00000e+00 2.50000e+01 9.21500e+02
  2.98500e+02]
 [1.03000e+03 3.00000e+02 2.70000e+01 3.00000e+00 4.90000e+01 1.04350e+03
  3.01500e+02]
 [1.06200e+03 3.00000e+02 1.20000e+01 3.00000e+00 1.80000e+01 1.06800e+03
  3.01500e+02]
 [1.15500e+03 3.05000e+02 3.00000e+00 1.70000e+01 3.00000e+01 1.15650e+03
  3.13500e+02]
 [1.96800e+03 3.05000e+02 2.40000e+01 2.50000e+01 2.74000e+02 1.98000e+03
  3.17500e+02]
 [2.01600e+03 3.05000e+02 6.00000e+00 2.50000e+01 1.10000e+02 2.01900e+03
  3.17500e+02]
 [2.02600e+03 3.05000e+02 5.00000e+00 2.50000e+01 1.25000e+02 2.02850e+03
  3.17500e+02]
 [2.41300e+03 3.05000e+02 1.60000e+01 2.50000e+01 1.69000e+02 2.42100e+03
  3.17500e+02]
 [2.43000e+03 3.04000e+02 2.60000e+01 2.70000e+01 3.00000e+02 2.44300e+03
  3.17500e+02]
 [2.46000e+03 3.05000e+02 2.20000e+01 2.50000e+01 3.18000e+02 2.47100e+03
  3.17500e+02]
 [2.48600e+03 3.04000e+02 2.40000e+01 2.70000e+01 3.09000e+02 2.49800e+03
  3.17500e+02]
 [2.52400e+03 3.05000e+02 2.00000e+01 2.50000e+01 3.26000e+02 2.53400e+03
  3.17500e+02]
 [2.54700e+03 3.04000e+02 2.60000e+01 2.70000e+01 3.00000e+02 2.56000e+03
  3.17500e+02]
 [2.57400e+03 3.05000e+02 2.00000e+01 2.50000e+01 1.65000e+02 2.58400e+03
  3.17500e+02]
 [2.59600e+03 3.05000e+02 2.00000e+01 2.50000e+01 1.84000e+02 2.60600e+03
  3.17500e+02]
 [2.61700e+03 3.04000e+02 2.60000e+01 2.70000e+01 2.99000e+02 2.63000e+03
  3.17500e+02]
 [2.64700e+03 3.05000e+02 2.60000e+01 2.50000e+01 3.83000e+02 2.66000e+03
  3.17500e+02]
 [2.67700e+03 3.05000e+02 1.90000e+01 2.60000e+01 2.62000e+02 2.68650e+03
  3.18000e+02]
 [2.70900e+03 3.04000e+02 8.00000e+00 3.30000e+01 1.39000e+02 2.71300e+03
  3.20500e+02]
 [2.71900e+03 3.05000e+02 1.90000e+01 2.50000e+01 2.32000e+02 2.72850e+03
  3.17500e+02]
 [2.74200e+03 3.05000e+02 2.00000e+01 2.60000e+01 2.60000e+02 2.75200e+03
  3.18000e+02]
 [2.76400e+03 3.04000e+02 8.00000e+00 3.30000e+01 1.38000e+02 2.76800e+03
  3.20500e+02]
 [2.07300e+03 3.07000e+02 1.20000e+01 2.40000e+01 1.58000e+02 2.07900e+03
  3.19000e+02]
 [1.99400e+03 3.11000e+02 1.90000e+01 2.00000e+01 2.18000e+02 2.00350e+03
  3.21000e+02]
 [2.03500e+03 3.11000e+02 1.80000e+01 2.00000e+01 2.08000e+02 2.04400e+03
  3.21000e+02]
 [2.05500e+03 3.11000e+02 1.70000e+01 2.00000e+01 1.66000e+02 2.06350e+03
  3.21000e+02]
 [2.09600e+03 3.11000e+02 1.90000e+01 2.00000e+01 2.17000e+02 2.10550e+03
  3.21000e+02]
 [2.11800e+03 3.11000e+02 1.80000e+01 1.90000e+01 2.01000e+02 2.12700e+03
  3.20500e+02]
 [2.08700e+03 3.12000e+02 6.00000e+00 1.80000e+01 7.50000e+01 2.09000e+03
  3.21000e+02]
 [7.70000e+02 3.16000e+02 8.00000e+00 5.00000e+00 1.90000e+01 7.74000e+02
  3.18500e+02]
 [9.86000e+02 3.20000e+02 4.00000e+00 1.80000e+01 4.30000e+01 9.88000e+02
  3.29000e+02]
 [9.67000e+02 3.28000e+02 4.00000e+00 1.00000e+01 2.60000e+01 9.69000e+02
  3.33000e+02]
 [9.74000e+02 3.34000e+02 9.00000e+00 4.00000e+00 3.00000e+01 9.78500e+02
  3.36000e+02]
 [7.98000e+02 3.40000e+02 8.00000e+00 4.00000e+00 1.60000e+01 8.02000e+02
  3.42000e+02]
 [9.86000e+02 3.41000e+02 3.00000e+00 3.20000e+01 6.00000e+01 9.87500e+02
  3.57000e+02]
 [9.77000e+02 3.43000e+02 6.00000e+00 4.00000e+00 1.70000e+01 9.80000e+02
  3.45000e+02]
 [9.70000e+02 3.44000e+02 3.00000e+00 7.00000e+00 1.40000e+01 9.71500e+02
  3.47500e+02]
 [9.70000e+02 3.52000e+02 3.00000e+00 9.00000e+00 1.90000e+01 9.71500e+02
  3.56500e+02]
 [9.77000e+02 3.52000e+02 6.00000e+00 5.00000e+00 1.90000e+01 9.80000e+02
  3.54500e+02]
 [9.77000e+02 3.68000e+02 6.00000e+00 4.00000e+00 1.70000e+01 9.80000e+02
  3.70000e+02]
 [2.53300e+03 3.69000e+02 2.60000e+01 2.70000e+01 3.30000e+02 2.54600e+03
  3.82500e+02]
 [7.51000e+02 3.71000e+02 5.00000e+00 4.00000e+00 1.20000e+01 7.53500e+02
  3.73000e+02]
 [1.96800e+03 3.70000e+02 2.00000e+01 2.50000e+01 2.92000e+02 1.97800e+03
  3.82500e+02]
 [2.41200e+03 3.70000e+02 1.90000e+01 2.50000e+01 2.31000e+02 2.42150e+03
  3.82500e+02]
 [2.43500e+03 3.70000e+02 2.00000e+01 2.60000e+01 2.59000e+02 2.44500e+03
  3.83000e+02]
 [2.45800e+03 3.70000e+02 1.90000e+01 2.50000e+01 2.32000e+02 2.46750e+03
  3.82500e+02]
 [2.48100e+03 3.70000e+02 1.80000e+01 2.60000e+01 2.69000e+02 2.49000e+03
  3.83000e+02]
 [2.56100e+03 3.70000e+02 1.90000e+01 2.60000e+01 2.33000e+02 2.57050e+03
  3.83000e+02]
 [2.61500e+03 3.70000e+02 1.70000e+01 2.50000e+01 2.06000e+02 2.62350e+03
  3.82500e+02]
 [2.63200e+03 3.70000e+02 2.50000e+01 2.50000e+01 2.60000e+02 2.64450e+03
  3.82500e+02]
 [2.65900e+03 3.70000e+02 1.60000e+01 2.50000e+01 1.47000e+02 2.66700e+03
  3.82500e+02]
 [2.67900e+03 3.70000e+02 1.60000e+01 2.50000e+01 1.50000e+02 2.68700e+03
  3.82500e+02]
 [7.94000e+02 3.73000e+02 1.40000e+01 2.00000e+00 2.40000e+01 8.01000e+02
  3.74000e+02]
 [1.02100e+03 3.72000e+02 9.00000e+00 3.00000e+00 1.50000e+01 1.02550e+03
  3.73500e+02]
 [1.99100e+03 3.76000e+02 1.80000e+01 2.00000e+01 2.09000e+02 2.00000e+03
  3.86000e+02]
 [2.01200e+03 3.76000e+02 1.60000e+01 2.00000e+01 2.02000e+02 2.02000e+03
  3.86000e+02]
 [2.03100e+03 3.76000e+02 1.60000e+01 2.00000e+01 1.79000e+02 2.03900e+03
  3.86000e+02]
 [2.05000e+03 3.76000e+02 1.90000e+01 2.00000e+01 2.18000e+02 2.05950e+03
  3.86000e+02]
 [2.07200e+03 3.76000e+02 1.80000e+01 1.90000e+01 2.00000e+02 2.08100e+03
  3.85500e+02]
 [2.51100e+03 3.84000e+02 1.00000e+01 4.00000e+00 4.00000e+01 2.51600e+03
  3.86000e+02]
 [2.59200e+03 3.84000e+02 1.00000e+01 4.00000e+00 4.00000e+01 2.59700e+03
  3.86000e+02]
 [8.72000e+02 4.18000e+02 2.80000e+01 4.00000e+00 7.80000e+01 8.86000e+02
  4.20000e+02]
 [9.87000e+02 4.19000e+02 2.00000e+00 1.80000e+01 3.20000e+01 9.88000e+02
  4.28000e+02]
 [1.06200e+03 4.19000e+02 5.00000e+00 1.00000e+01 2.70000e+01 1.06450e+03
  4.24000e+02]
 [1.17400e+03 4.20000e+02 1.40000e+01 1.00000e+00 1.40000e+01 1.18100e+03
  4.20500e+02]
 [8.51000e+02 4.22000e+02 1.40000e+01 3.00000e+00 3.20000e+01 8.58000e+02
  4.23500e+02]
 [7.87000e+02 4.25000e+02 4.90000e+01 9.00000e+00 1.24000e+02 8.11500e+02
  4.29500e+02]
 [7.70000e+02 4.35000e+02 1.60000e+01 6.00000e+00 4.20000e+01 7.78000e+02
  4.38000e+02]
 [2.68900e+03 4.35000e+02 2.60000e+01 2.70000e+01 3.00000e+02 2.70200e+03
  4.48500e+02]
 [1.96900e+03 4.36000e+02 2.30000e+01 2.50000e+01 3.61000e+02 1.98050e+03
  4.48500e+02]
 [2.41200e+03 4.36000e+02 2.00000e+01 2.60000e+01 2.59000e+02 2.42200e+03
  4.49000e+02]
 [2.43500e+03 4.36000e+02 5.00000e+00 2.50000e+01 1.05000e+02 2.43750e+03
  4.48500e+02]
 [2.44500e+03 4.36000e+02 1.60000e+01 2.50000e+01 1.69000e+02 2.45300e+03
  4.48500e+02]
 [2.45900e+03 4.36000e+02 2.50000e+01 2.50000e+01 2.33000e+02 2.47150e+03
  4.48500e+02]
 [2.48600e+03 4.36000e+02 1.80000e+01 2.50000e+01 2.59000e+02 2.49500e+03
  4.48500e+02]
 [2.50800e+03 4.36000e+02 1.90000e+01 2.50000e+01 2.95000e+02 2.51750e+03
  4.48500e+02]
 [2.53900e+03 4.36000e+02 1.50000e+01 2.60000e+01 1.41000e+02 2.54650e+03
  4.49000e+02]
 [2.55900e+03 4.36000e+02 1.80000e+01 2.50000e+01 2.80000e+02 2.56800e+03
  4.48500e+02]
 [2.57900e+03 4.36000e+02 2.50000e+01 2.50000e+01 2.63000e+02 2.59150e+03
  4.48500e+02]
 [2.60600e+03 4.36000e+02 2.20000e+01 2.50000e+01 3.18000e+02 2.61700e+03
  4.48500e+02]
 [2.63200e+03 4.36000e+02 2.00000e+01 2.60000e+01 2.61000e+02 2.64200e+03
  4.49000e+02]
 [2.66400e+03 4.36000e+02 2.30000e+01 2.60000e+01 2.37000e+02 2.67550e+03
  4.49000e+02]
 [8.51000e+02 4.38000e+02 1.50000e+01 3.00000e+00 3.40000e+01 8.58500e+02
  4.39500e+02]
 [1.99600e+03 4.43000e+02 5.00000e+00 1.80000e+01 9.00000e+01 1.99850e+03
  4.52000e+02]
 [2.00300e+03 4.43000e+02 2.00000e+01 1.80000e+01 1.65000e+02 2.01300e+03
  4.52000e+02]
 [2.02500e+03 4.43000e+02 5.00000e+00 1.80000e+01 9.00000e+01 2.02750e+03
  4.52000e+02]
 [2.03300e+03 4.42000e+02 1.60000e+01 2.00000e+01 1.82000e+02 2.04100e+03
  4.52000e+02]
 [2.05200e+03 4.43000e+02 5.00000e+00 1.80000e+01 9.00000e+01 2.05450e+03
  4.52000e+02]
 [2.06100e+03 4.42000e+02 1.90000e+01 2.00000e+01 2.19000e+02 2.07050e+03
  4.52000e+02]
 [2.08300e+03 4.42000e+02 1.80000e+01 1.90000e+01 2.01000e+02 2.09200e+03
  4.51500e+02]
 [7.51000e+02 4.44000e+02 1.10000e+01 6.00000e+00 3.20000e+01 7.56500e+02
  4.47000e+02]
 [8.05000e+02 4.44000e+02 1.30000e+01 3.00000e+00 1.60000e+01 8.11500e+02
  4.45500e+02]
 [7.81000e+02 4.47000e+02 2.00000e+01 6.00000e+00 3.90000e+01 7.91000e+02
  4.50000e+02]
 [1.24100e+03 4.46000e+02 5.00000e+00 1.84000e+02 5.31000e+02 1.24350e+03
  5.38000e+02]
 [9.90000e+02 4.51000e+02 2.00000e+00 8.00000e+00 1.30000e+01 9.91000e+02
  4.55000e+02]
 [1.06800e+03 4.53000e+02 2.00000e+00 1.10000e+01 1.90000e+01 1.06900e+03
  4.58500e+02]
 [7.72000e+02 4.54000e+02 7.00000e+00 2.00000e+00 1.30000e+01 7.75500e+02
  4.55000e+02]
 [7.36000e+02 4.57000e+02 1.00000e+01 2.40000e+01 9.20000e+01 7.41000e+02
  4.69000e+02]
 [1.07200e+03 4.67000e+02 1.00000e+00 1.20000e+01 1.20000e+01 1.07250e+03
  4.73000e+02]
 [7.43000e+02 4.70000e+02 6.00000e+00 1.40000e+01 3.50000e+01 7.46000e+02
  4.77000e+02]
 [7.39000e+02 4.81000e+02 2.00000e+00 6.00000e+00 1.10000e+01 7.40000e+02
  4.84000e+02]
 [9.93000e+02 4.83000e+02 2.00000e+00 3.40000e+01 4.80000e+01 9.94000e+02
  5.00000e+02]
 [7.36000e+02 4.89000e+02 3.00000e+00 2.40000e+01 4.50000e+01 7.37500e+02
  5.01000e+02]
 [1.07400e+03 4.90000e+02 2.00000e+00 1.40000e+01 1.50000e+01 1.07500e+03
  4.97000e+02]
 [1.96800e+03 5.02000e+02 2.00000e+01 2.50000e+01 2.92000e+02 1.97800e+03
  5.14500e+02]
 [2.01300e+03 5.02000e+02 1.90000e+01 2.60000e+01 2.58000e+02 2.02250e+03
  5.15000e+02]
 [2.04500e+03 5.02000e+02 2.30000e+01 2.50000e+01 3.52000e+02 2.05650e+03
  5.14500e+02]
 [7.44000e+02 5.09000e+02 4.00000e+00 5.00000e+00 1.20000e+01 7.46000e+02
  5.11500e+02]
 [1.99200e+03 5.09000e+02 1.70000e+01 1.90000e+01 2.05000e+02 2.00050e+03
  5.18500e+02]
 [2.07200e+03 5.09000e+02 5.00000e+00 1.80000e+01 9.00000e+01 2.07450e+03
  5.18000e+02]
 [2.07900e+03 5.09000e+02 1.90000e+01 1.80000e+01 1.69000e+02 2.08850e+03
  5.18000e+02]
 [2.10100e+03 5.09000e+02 5.00000e+00 1.80000e+01 9.00000e+01 2.10350e+03
  5.18000e+02]
 [2.10900e+03 5.08000e+02 1.60000e+01 2.00000e+01 1.82000e+02 2.11700e+03
  5.18000e+02]
 [2.12800e+03 5.09000e+02 5.00000e+00 1.80000e+01 9.00000e+01 2.13050e+03
  5.18000e+02]
 [2.13700e+03 5.08000e+02 1.80000e+01 2.00000e+01 2.09000e+02 2.14600e+03
  5.18000e+02]
 [2.15900e+03 5.08000e+02 1.70000e+01 1.90000e+01 2.06000e+02 2.16750e+03
  5.17500e+02]
 [1.07700e+03 5.17000e+02 4.00000e+00 5.50000e+01 1.48000e+02 1.07900e+03
  5.44500e+02]
 [7.37000e+02 5.32000e+02 5.00000e+00 1.04000e+02 3.08000e+02 7.39500e+02
  5.84000e+02]
 [1.09300e+03 5.57000e+02 8.00000e+00 3.00000e+00 1.80000e+01 1.09700e+03
  5.58500e+02]
 [1.11100e+03 5.57000e+02 1.70000e+01 2.00000e+00 3.10000e+01 1.11950e+03
  5.58000e+02]
 [1.13000e+03 5.57000e+02 1.10000e+01 2.00000e+00 2.00000e+01 1.13550e+03
  5.58000e+02]
 [8.88000e+02 5.66000e+02 9.00000e+00 3.00000e+00 1.80000e+01 8.92500e+02
  5.67500e+02]
 [1.96800e+03 5.67000e+02 2.40000e+01 2.50000e+01 2.74000e+02 1.98000e+03
  5.79500e+02]
 [2.03700e+03 5.67000e+02 2.20000e+01 2.50000e+01 2.45000e+02 2.04800e+03
  5.79500e+02]
 [2.01500e+03 5.69000e+02 1.20000e+01 2.40000e+01 1.55000e+02 2.02100e+03
  5.81000e+02]
 [8.63000e+02 5.70000e+02 1.00000e+01 2.00000e+00 1.40000e+01 8.68000e+02
  5.71000e+02]
 [7.46000e+02 5.73000e+02 3.00000e+00 6.00000e+00 1.60000e+01 7.47500e+02
  5.76000e+02]
 [8.09000e+02 5.75000e+02 1.50000e+01 4.00000e+00 3.30000e+01 8.16500e+02
  5.77000e+02]
 [1.99500e+03 5.74000e+02 1.70000e+01 1.90000e+01 2.05000e+02 2.00350e+03
  5.83500e+02]
 [7.92000e+02 5.79000e+02 1.20000e+01 3.00000e+00 2.60000e+01 7.98000e+02
  5.80500e+02]
 [7.59000e+02 5.85000e+02 7.00000e+00 3.00000e+00 1.60000e+01 7.62500e+02
  5.86500e+02]
 [1.07500e+03 5.88000e+02 1.00000e+00 1.60000e+01 1.60000e+01 1.07550e+03
  5.96000e+02]
 [7.46000e+02 6.06000e+02 3.00000e+00 7.00000e+00 1.80000e+01 7.47500e+02
  6.09500e+02]
 [9.05000e+02 6.25000e+02 1.71000e+02 1.16500e+03 1.32103e+05 9.90500e+02
  1.20750e+03]
 [1.96900e+03 6.33000e+02 2.00000e+01 2.50000e+01 2.99000e+02 1.97900e+03
  6.45500e+02]
 [2.10100e+03 6.33000e+02 2.20000e+01 2.50000e+01 2.45000e+02 2.11200e+03
  6.45500e+02]
 [2.41300e+03 6.33000e+02 2.70000e+01 2.50000e+01 4.00000e+02 2.42650e+03
  6.45500e+02]
 [2.44300e+03 6.33000e+02 1.10000e+01 2.50000e+01 1.53000e+02 2.44850e+03
  6.45500e+02]
 [2.45800e+03 6.33000e+02 1.80000e+01 2.50000e+01 2.29000e+02 2.46700e+03
  6.45500e+02]
 [2.48000e+03 6.33000e+02 1.90000e+01 2.50000e+01 2.32000e+02 2.48950e+03
  6.45500e+02]
 [2.50300e+03 6.33000e+02 1.80000e+01 2.50000e+01 2.28000e+02 2.51200e+03
  6.45500e+02]
 [2.52500e+03 6.33000e+02 1.90000e+01 2.60000e+01 2.62000e+02 2.53450e+03
  6.46000e+02]
 [2.54800e+03 6.33000e+02 2.00000e+01 2.50000e+01 3.43000e+02 2.55800e+03
  6.45500e+02]
 [2.57000e+03 6.33000e+02 2.50000e+01 2.50000e+01 2.33000e+02 2.58250e+03
  6.45500e+02]
 [2.59500e+03 6.33000e+02 2.00000e+01 2.60000e+01 2.59000e+02 2.60500e+03
  6.46000e+02]
 [2.61800e+03 6.33000e+02 2.30000e+01 2.60000e+01 2.38000e+02 2.62950e+03
  6.46000e+02]
 [2.64300e+03 6.33000e+02 2.60000e+01 2.60000e+01 2.99000e+02 2.65600e+03
  6.46000e+02]
 [2.67300e+03 6.33000e+02 2.20000e+01 2.50000e+01 3.23000e+02 2.68400e+03
  6.45500e+02]
 [2.69800e+03 6.33000e+02 2.00000e+01 2.50000e+01 1.82000e+02 2.70800e+03
  6.45500e+02]
 [2.71600e+03 6.33000e+02 1.50000e+01 2.60000e+01 1.41000e+02 2.72350e+03
  6.46000e+02]
 [2.73300e+03 6.33000e+02 2.50000e+01 2.50000e+01 2.59000e+02 2.74550e+03
  6.45500e+02]
 [2.76000e+03 6.33000e+02 2.30000e+01 2.50000e+01 2.95000e+02 2.77150e+03
  6.45500e+02]
 [2.78700e+03 6.33000e+02 2.00000e+01 2.60000e+01 2.59000e+02 2.79700e+03
  6.46000e+02]
 [2.80900e+03 6.33000e+02 1.90000e+01 2.60000e+01 2.33000e+02 2.81850e+03
  6.46000e+02]
 [2.83100e+03 6.33000e+02 1.90000e+01 2.50000e+01 2.32000e+02 2.84050e+03
  6.45500e+02]
 [2.85400e+03 6.33000e+02 1.90000e+01 2.60000e+01 2.54000e+02 2.86350e+03
  6.46000e+02]
 [2.87500e+03 6.33000e+02 3.30000e+01 2.50000e+01 3.77000e+02 2.89150e+03
  6.45500e+02]
 [2.90900e+03 6.32000e+02 2.40000e+01 2.70000e+01 3.15000e+02 2.92100e+03
  6.45500e+02]
 [2.01000e+03 6.35000e+02 1.20000e+01 2.40000e+01 1.59000e+02 2.01600e+03
  6.47000e+02]
 [2.02300e+03 6.35000e+02 1.20000e+01 2.40000e+01 1.58000e+02 2.02900e+03
  6.47000e+02]
 [1.99100e+03 6.39000e+02 1.70000e+01 2.00000e+01 2.14000e+02 1.99950e+03
  6.49000e+02]
 [2.03600e+03 6.39000e+02 1.90000e+01 2.00000e+01 2.10000e+02 2.04550e+03
  6.49000e+02]
 [2.05800e+03 6.39000e+02 1.10000e+01 1.90000e+01 1.16000e+02 2.06350e+03
  6.48500e+02]
 [2.07200e+03 6.39000e+02 1.70000e+01 1.90000e+01 2.07000e+02 2.08050e+03
  6.48500e+02]
 [1.21900e+03 6.66000e+02 2.20000e+01 1.12400e+03 9.01900e+03 1.23000e+03
  1.22800e+03]
 [7.43000e+02 6.94000e+02 2.00000e+00 9.00000e+00 1.70000e+01 7.44000e+02
  6.98500e+02]
 [2.01500e+03 6.97000e+02 1.30000e+01 2.60000e+01 1.65000e+02 2.02150e+03
  7.10000e+02]
 [1.96900e+03 6.98000e+02 2.30000e+01 2.50000e+01 3.61000e+02 1.98050e+03
  7.10500e+02]
 [2.07100e+03 6.98000e+02 5.00000e+00 2.50000e+01 1.25000e+02 2.07350e+03
  7.10500e+02]
 [2.10200e+03 6.98000e+02 2.40000e+01 2.60000e+01 2.70000e+02 2.11400e+03
  7.11000e+02]
 [2.15000e+03 6.98000e+02 5.00000e+00 2.50000e+01 1.25000e+02 2.15250e+03
  7.10500e+02]
 [2.41300e+03 6.98000e+02 2.30000e+01 2.50000e+01 3.13000e+02 2.42450e+03
  7.10500e+02]
 [2.44000e+03 6.98000e+02 2.20000e+01 2.60000e+01 2.72000e+02 2.45100e+03
  7.11000e+02]
 [2.46700e+03 6.98000e+02 2.20000e+01 2.50000e+01 3.18000e+02 2.47800e+03
  7.10500e+02]
 [2.49400e+03 6.98000e+02 1.70000e+01 2.50000e+01 2.56000e+02 2.50250e+03
  7.10500e+02]
 [2.52300e+03 6.98000e+02 3.30000e+01 2.50000e+01 3.79000e+02 2.53950e+03
  7.10500e+02]
 [2.55500e+03 6.98000e+02 2.50000e+01 2.50000e+01 2.61000e+02 2.56750e+03
  7.10500e+02]
 [2.58100e+03 6.98000e+02 1.90000e+01 2.60000e+01 2.60000e+02 2.59050e+03
  7.11000e+02]
 [2.60400e+03 6.98000e+02 2.30000e+01 2.50000e+01 2.74000e+02 2.61550e+03
  7.10500e+02]
 [2.07900e+03 7.00000e+02 1.20000e+01 2.40000e+01 1.55000e+02 2.08500e+03
  7.12000e+02]
 [1.99500e+03 7.04000e+02 1.90000e+01 2.00000e+01 2.10000e+02 2.00450e+03
  7.14000e+02]
 [2.02800e+03 7.04000e+02 1.70000e+01 2.00000e+01 2.15000e+02 2.03650e+03
  7.14000e+02]
 [2.04900e+03 7.05000e+02 1.80000e+01 1.90000e+01 2.00000e+02 2.05800e+03
  7.14500e+02]
 [2.12800e+03 7.04000e+02 1.90000e+01 2.00000e+01 2.19000e+02 2.13750e+03
  7.14000e+02]
 [2.15900e+03 7.04000e+02 1.90000e+01 2.00000e+01 2.19000e+02 2.16850e+03
  7.14000e+02]
 [2.18100e+03 7.04000e+02 1.10000e+01 1.90000e+01 1.16000e+02 2.18650e+03
  7.13500e+02]
 [7.56000e+02 7.36000e+02 4.00000e+00 1.00000e+01 1.40000e+01 7.58000e+02
  7.41000e+02]
 [1.96800e+03 7.64000e+02 2.00000e+01 2.50000e+01 2.92000e+02 1.97800e+03
  7.76500e+02]
 [1.99000e+03 7.64000e+02 1.50000e+01 2.50000e+01 1.63000e+02 1.99750e+03
  7.76500e+02]
 [2.00900e+03 7.64000e+02 2.40000e+01 2.50000e+01 2.70000e+02 2.02100e+03
  7.76500e+02]
 [2.04500e+03 7.64000e+02 2.00000e+01 2.50000e+01 2.99000e+02 2.05500e+03
  7.76500e+02]
 [2.41300e+03 7.64000e+02 2.30000e+01 2.50000e+01 3.12000e+02 2.42450e+03
  7.76500e+02]
 [2.44000e+03 7.64000e+02 1.80000e+01 2.50000e+01 2.63000e+02 2.44900e+03
  7.76500e+02]
 [2.46000e+03 7.64000e+02 2.00000e+01 2.60000e+01 2.62000e+02 2.47000e+03
  7.77000e+02]
 [2.48400e+03 7.64000e+02 2.00000e+01 2.50000e+01 2.44000e+02 2.49400e+03
  7.76500e+02]
 [2.51500e+03 7.64000e+02 2.00000e+01 2.50000e+01 1.65000e+02 2.52500e+03
  7.76500e+02]
 [2.53600e+03 7.64000e+02 2.60000e+01 2.60000e+01 2.99000e+02 2.54900e+03
  7.77000e+02]
 [2.57600e+03 7.64000e+02 2.20000e+01 2.50000e+01 2.87000e+02 2.58700e+03
  7.76500e+02]
 [2.60200e+03 7.64000e+02 5.00000e+00 2.50000e+01 1.25000e+02 2.60450e+03
  7.76500e+02]
 [2.61200e+03 7.64000e+02 2.20000e+01 2.50000e+01 3.23000e+02 2.62300e+03
  7.76500e+02]
 [2.63900e+03 7.64000e+02 2.20000e+01 2.50000e+01 3.23000e+02 2.65000e+03
  7.76500e+02]
 [2.66600e+03 7.64000e+02 1.80000e+01 2.50000e+01 2.61000e+02 2.67500e+03
  7.76500e+02]
 [2.68700e+03 7.64000e+02 2.00000e+01 2.50000e+01 2.87000e+02 2.69700e+03
  7.76500e+02]
 [2.06900e+03 7.70000e+02 1.10000e+01 1.90000e+01 1.15000e+02 2.07450e+03
  7.79500e+02]
 [2.08100e+03 7.70000e+02 1.90000e+01 2.00000e+01 2.17000e+02 2.09050e+03
  7.80000e+02]
 [2.10300e+03 7.70000e+02 1.80000e+01 2.60000e+01 3.03000e+02 2.11200e+03
  7.83000e+02]
 [2.12600e+03 7.70000e+02 1.10000e+01 1.90000e+01 1.15000e+02 2.13150e+03
  7.79500e+02]
 [2.13800e+03 7.70000e+02 1.70000e+01 2.00000e+01 2.15000e+02 2.14650e+03
  7.80000e+02]
 [2.15900e+03 7.70000e+02 2.80000e+01 1.90000e+01 3.12000e+02 2.17300e+03
  7.79500e+02]
 [7.45000e+02 7.72000e+02 6.00000e+00 3.14000e+02 1.10700e+03 7.48000e+02
  9.29000e+02]
 [1.96900e+03 8.30000e+02 1.80000e+01 2.50000e+01 3.25000e+02 1.97800e+03
  8.42500e+02]
 [1.99000e+03 8.30000e+02 2.40000e+01 2.60000e+01 2.69000e+02 2.00200e+03
  8.43000e+02]
 [2.01600e+03 8.30000e+02 2.60000e+01 2.50000e+01 3.40000e+02 2.02900e+03
  8.42500e+02]
 [2.05300e+03 8.30000e+02 3.40000e+01 2.50000e+01 4.39000e+02 2.07000e+03
  8.42500e+02]
 [2.12600e+03 8.30000e+02 1.80000e+01 2.50000e+01 2.36000e+02 2.13500e+03
  8.42500e+02]
 [2.08700e+03 8.36000e+02 1.70000e+01 2.00000e+01 2.15000e+02 2.09550e+03
  8.46000e+02]
 [2.10700e+03 8.36000e+02 1.60000e+01 2.00000e+01 1.81000e+02 2.11500e+03
  8.46000e+02]
 [1.96900e+03 8.95000e+02 2.30000e+01 2.50000e+01 3.78000e+02 1.98050e+03
  9.07500e+02]
 [2.02800e+03 8.95000e+02 1.80000e+01 2.50000e+01 3.10000e+02 2.03700e+03
  9.07500e+02]
 [2.04900e+03 8.95000e+02 2.30000e+01 2.50000e+01 2.72000e+02 2.06050e+03
  9.07500e+02]
 [2.07400e+03 8.95000e+02 2.60000e+01 2.50000e+01 3.34000e+02 2.08700e+03
  9.07500e+02]
 [2.11100e+03 8.95000e+02 3.50000e+01 2.50000e+01 4.36000e+02 2.12850e+03
  9.07500e+02]
 [2.18500e+03 8.95000e+02 1.70000e+01 2.50000e+01 2.42000e+02 2.19350e+03
  9.07500e+02]
 [1.99600e+03 9.01000e+02 1.90000e+01 2.00000e+01 2.13000e+02 2.00550e+03
  9.11000e+02]
 [2.14500e+03 9.01000e+02 1.70000e+01 2.00000e+01 2.04000e+02 2.15350e+03
  9.11000e+02]
 [2.16500e+03 9.01000e+02 1.60000e+01 2.00000e+01 1.79000e+02 2.17300e+03
  9.11000e+02]
 [1.96900e+03 9.61000e+02 2.10000e+01 2.50000e+01 3.49000e+02 1.97950e+03
  9.73500e+02]
 [2.41200e+03 9.61000e+02 2.00000e+01 2.60000e+01 2.59000e+02 2.42200e+03
  9.74000e+02]
 [2.43500e+03 9.61000e+02 5.00000e+00 2.50000e+01 1.05000e+02 2.43750e+03
  9.73500e+02]
 [2.44400e+03 9.61000e+02 2.00000e+01 2.50000e+01 1.84000e+02 2.45400e+03
  9.73500e+02]
 [2.46500e+03 9.61000e+02 2.00000e+01 2.60000e+01 2.67000e+02 2.47500e+03
  9.74000e+02]
 [2.49800e+03 9.61000e+02 2.10000e+01 2.50000e+01 3.26000e+02 2.50850e+03
  9.73500e+02]
 [2.52300e+03 9.61000e+02 1.70000e+01 2.50000e+01 2.56000e+02 2.53150e+03
  9.73500e+02]
 [2.54400e+03 9.61000e+02 1.60000e+01 2.50000e+01 1.48000e+02 2.55200e+03
  9.73500e+02]
 [2.56200e+03 9.60000e+02 2.50000e+01 2.70000e+01 2.96000e+02 2.57450e+03
  9.73500e+02]
 [2.58800e+03 9.61000e+02 3.40000e+01 2.50000e+01 3.79000e+02 2.60500e+03
  9.73500e+02]
 [2.63200e+03 9.61000e+02 3.30000e+01 2.50000e+01 3.79000e+02 2.64850e+03
  9.73500e+02]
 [2.66400e+03 9.61000e+02 2.50000e+01 2.50000e+01 2.61000e+02 2.67650e+03
  9.73500e+02]
 [2.69100e+03 9.61000e+02 5.00000e+00 2.50000e+01 1.04000e+02 2.69350e+03
  9.73500e+02]
 [2.70000e+03 9.61000e+02 2.00000e+01 2.60000e+01 2.61000e+02 2.71000e+03
  9.74000e+02]
 [2.72200e+03 9.61000e+02 2.00000e+01 2.50000e+01 1.85000e+02 2.73200e+03
  9.73500e+02]
 [2.00100e+03 9.67000e+02 1.60000e+01 2.00000e+01 1.79000e+02 2.00900e+03
  9.77000e+02]
 [2.02000e+03 9.67000e+02 1.80000e+01 2.00000e+01 2.13000e+02 2.02900e+03
  9.77000e+02]
 [1.99300e+03 9.68000e+02 5.00000e+00 1.80000e+01 9.00000e+01 1.99550e+03
  9.77000e+02]
 [1.01700e+03 1.02700e+03 7.00000e+00 4.10000e+01 2.75000e+02 1.02050e+03
  1.04750e+03]
 [1.96900e+03 1.02700e+03 1.80000e+01 2.50000e+01 2.66000e+02 1.97800e+03
  1.03950e+03]
 [2.02300e+03 1.02700e+03 2.30000e+01 2.50000e+01 3.42000e+02 2.03450e+03
  1.03950e+03]
 [2.22600e+03 1.02600e+03 9.00000e+00 3.30000e+01 1.57000e+02 2.23050e+03
  1.04250e+03]
 [2.30700e+03 1.02600e+03 9.00000e+00 3.30000e+01 1.57000e+02 2.31150e+03
  1.04250e+03]
 [2.41200e+03 1.02700e+03 2.00000e+01 2.60000e+01 2.58000e+02 2.42200e+03
  1.04000e+03]
 [2.43500e+03 1.02700e+03 1.60000e+01 2.50000e+01 1.48000e+02 2.44300e+03
  1.03950e+03]
 [2.45500e+03 1.02700e+03 5.00000e+00 2.50000e+01 1.25000e+02 2.45750e+03
  1.03950e+03]
 [2.46400e+03 1.02700e+03 2.70000e+01 2.50000e+01 3.96000e+02 2.47750e+03
  1.03950e+03]
 [2.50500e+03 1.02700e+03 1.80000e+01 2.50000e+01 2.09000e+02 2.51400e+03
  1.03950e+03]
 [2.52600e+03 1.02700e+03 5.00000e+00 2.50000e+01 1.05000e+02 2.52850e+03
  1.03950e+03]
 [2.53500e+03 1.02700e+03 2.00000e+01 2.50000e+01 1.85000e+02 2.54500e+03
  1.03950e+03]
 [1.99800e+03 1.02900e+03 1.20000e+01 2.40000e+01 1.59000e+02 2.00400e+03
  1.04100e+03]
 [2.14900e+03 1.02900e+03 1.30000e+01 2.40000e+01 1.45000e+02 2.15550e+03
  1.04100e+03]
 [2.04800e+03 1.03300e+03 1.90000e+01 2.00000e+01 2.07000e+02 2.05750e+03
  1.04300e+03]
 [2.06900e+03 1.03300e+03 1.50000e+01 2.00000e+01 1.78000e+02 2.07650e+03
  1.04300e+03]
 [2.08700e+03 1.03300e+03 1.70000e+01 2.00000e+01 1.67000e+02 2.09550e+03
  1.04300e+03]
 [2.10700e+03 1.03300e+03 1.00000e+01 1.90000e+01 1.11000e+02 2.11200e+03
  1.04250e+03]
 [2.12900e+03 1.03300e+03 1.90000e+01 2.60000e+01 2.54000e+02 2.13850e+03
  1.04600e+03]
 [2.17300e+03 1.03300e+03 1.90000e+01 2.00000e+01 2.18000e+02 2.18250e+03
  1.04300e+03]
 [2.19500e+03 1.03300e+03 1.80000e+01 1.90000e+01 2.00000e+02 2.20400e+03
  1.04250e+03]
 [2.23800e+03 1.03300e+03 1.70000e+01 1.90000e+01 2.07000e+02 2.24650e+03
  1.04250e+03]
 [2.25800e+03 1.03300e+03 1.90000e+01 2.00000e+01 2.09000e+02 2.26750e+03
  1.04300e+03]
 [1.99100e+03 1.03400e+03 5.00000e+00 1.80000e+01 9.00000e+01 1.99350e+03
  1.04300e+03]
 [2.12000e+03 1.03400e+03 5.00000e+00 1.80000e+01 9.00000e+01 2.12250e+03
  1.04300e+03]
 [2.16400e+03 1.03400e+03 5.00000e+00 1.80000e+01 9.00000e+01 2.16650e+03
  1.04300e+03]
 [2.27800e+03 1.03400e+03 2.80000e+01 1.80000e+01 2.81000e+02 2.29200e+03
  1.04300e+03]
 [1.96900e+03 1.09200e+03 1.70000e+01 2.50000e+01 2.03000e+02 1.97750e+03
  1.10450e+03]
 [2.04100e+03 1.09200e+03 2.30000e+01 2.50000e+01 3.45000e+02 2.05250e+03
  1.10450e+03]
 [2.41200e+03 1.09200e+03 2.00000e+01 2.60000e+01 2.59000e+02 2.42200e+03
  1.10500e+03]
 [2.43500e+03 1.09200e+03 1.60000e+01 2.50000e+01 1.48000e+02 2.44300e+03
  1.10450e+03]
 [2.45500e+03 1.09200e+03 5.00000e+00 2.50000e+01 1.25000e+02 2.45750e+03
  1.10450e+03]
 [2.46400e+03 1.09200e+03 2.70000e+01 2.50000e+01 3.96000e+02 2.47750e+03
  1.10450e+03]
 [2.50500e+03 1.09200e+03 1.60000e+01 2.50000e+01 1.50000e+02 2.51300e+03
  1.10450e+03]
 [2.52500e+03 1.09200e+03 1.80000e+01 2.50000e+01 2.66000e+02 2.53400e+03
  1.10450e+03]
 [2.54600e+03 1.09200e+03 2.30000e+01 2.60000e+01 3.04000e+02 2.55750e+03
  1.10500e+03]
 [2.16800e+03 1.09400e+03 1.20000e+01 2.40000e+01 1.53000e+02 2.17400e+03
  1.10600e+03]
 [7.49000e+02 1.09800e+03 2.00000e+00 1.83000e+02 2.93000e+02 7.50000e+02
  1.18950e+03]
 [1.98700e+03 1.09800e+03 1.90000e+01 2.00000e+01 2.08000e+02 1.99650e+03
  1.10800e+03]
 [2.00800e+03 1.09800e+03 1.90000e+01 2.60000e+01 3.05000e+02 2.01750e+03
  1.11100e+03]
 [2.06700e+03 1.09800e+03 1.80000e+01 2.00000e+01 2.10000e+02 2.07600e+03
  1.10800e+03]
 [2.08700e+03 1.09800e+03 1.60000e+01 2.00000e+01 1.82000e+02 2.09500e+03
  1.10800e+03]
 [2.10500e+03 1.09800e+03 1.70000e+01 2.00000e+01 1.65000e+02 2.11350e+03
  1.10800e+03]
 [2.12500e+03 1.09800e+03 1.10000e+01 1.90000e+01 1.14000e+02 2.13050e+03
  1.10750e+03]
 [2.13800e+03 1.09900e+03 6.00000e+00 1.80000e+01 7.70000e+01 2.14100e+03
  1.10800e+03]
 [2.14800e+03 1.09800e+03 1.80000e+01 2.60000e+01 2.65000e+02 2.15700e+03
  1.11100e+03]
 [2.18200e+03 1.09900e+03 6.00000e+00 1.80000e+01 7.60000e+01 2.18500e+03
  1.10800e+03]
 [2.19100e+03 1.09800e+03 1.90000e+01 2.00000e+01 2.17000e+02 2.20050e+03
  1.10800e+03]
 [2.21300e+03 1.09800e+03 1.80000e+01 1.90000e+01 2.01000e+02 2.22200e+03
  1.10750e+03]
 [2.43300e+03 1.15700e+03 1.20000e+01 2.70000e+01 8.80000e+01 2.43900e+03
  1.17050e+03]
 [2.48200e+03 1.15700e+03 1.10000e+01 2.70000e+01 8.90000e+01 2.48750e+03
  1.17050e+03]
 [1.96800e+03 1.15800e+03 2.40000e+01 2.50000e+01 2.74000e+02 1.98000e+03
  1.17050e+03]
 [2.08200e+03 1.15800e+03 1.90000e+01 2.60000e+01 2.59000e+02 2.09150e+03
  1.17100e+03]
 [2.41300e+03 1.15800e+03 1.90000e+01 2.60000e+01 2.58000e+02 2.42250e+03
  1.17100e+03]
 [2.44700e+03 1.15800e+03 1.80000e+01 2.50000e+01 2.27000e+02 2.45600e+03
  1.17050e+03]
 [2.46800e+03 1.15800e+03 1.10000e+01 2.50000e+01 1.49000e+02 2.47350e+03
  1.17050e+03]
 [2.49500e+03 1.15800e+03 1.90000e+01 2.50000e+01 2.32000e+02 2.50450e+03
  1.17050e+03]
 [2.51700e+03 1.15800e+03 2.00000e+01 2.50000e+01 2.17000e+02 2.52700e+03
  1.17050e+03]
 [2.55700e+03 1.15800e+03 2.00000e+01 2.50000e+01 2.38000e+02 2.56700e+03
  1.17050e+03]
 [2.58900e+03 1.15800e+03 2.00000e+01 2.60000e+01 2.59000e+02 2.59900e+03
  1.17100e+03]
 [2.61200e+03 1.15800e+03 2.00000e+01 2.60000e+01 2.60000e+02 2.62200e+03
  1.17100e+03]
 [2.64500e+03 1.15800e+03 2.00000e+01 2.50000e+01 2.41000e+02 2.65500e+03
  1.17050e+03]
 [2.66800e+03 1.15800e+03 2.70000e+01 2.50000e+01 4.01000e+02 2.68150e+03
  1.17050e+03]
 [2.04700e+03 1.16000e+03 1.30000e+01 2.40000e+01 1.47000e+02 2.05350e+03
  1.17200e+03]
 [1.99500e+03 1.16400e+03 1.10000e+01 1.90000e+01 1.15000e+02 2.00050e+03
  1.17350e+03]
 [2.00700e+03 1.16400e+03 1.90000e+01 2.00000e+01 2.10000e+02 2.01650e+03
  1.17400e+03]
 [2.02800e+03 1.16400e+03 1.70000e+01 2.00000e+01 2.13000e+02 2.03650e+03
  1.17400e+03]
 [2.06100e+03 1.16400e+03 1.90000e+01 2.00000e+01 2.05000e+02 2.07050e+03
  1.17400e+03]
 [2.53900e+03 1.17800e+03 6.00000e+00 1.00000e+01 3.90000e+01 2.54200e+03
  1.18300e+03]
 [1.96800e+03 1.22300e+03 2.40000e+01 2.50000e+01 2.74000e+02 1.98000e+03
  1.23550e+03]
 [2.08200e+03 1.22300e+03 1.90000e+01 2.60000e+01 2.61000e+02 2.09150e+03
  1.23600e+03]
 [2.11500e+03 1.22300e+03 2.10000e+01 2.50000e+01 3.70000e+02 2.12550e+03
  1.23550e+03]
 [2.41300e+03 1.22300e+03 2.00000e+01 2.50000e+01 3.44000e+02 2.42300e+03
  1.23550e+03]
 [2.47100e+03 1.22300e+03 1.80000e+01 2.60000e+01 2.29000e+02 2.48000e+03
  1.23600e+03]
 [2.53200e+03 1.22300e+03 2.00000e+01 2.60000e+01 2.59000e+02 2.54200e+03
  1.23600e+03]
 [2.56500e+03 1.22300e+03 4.00000e+00 2.50000e+01 1.00000e+02 2.56700e+03
  1.23550e+03]
 [2.04700e+03 1.22500e+03 1.30000e+01 2.40000e+01 1.48000e+02 2.05350e+03
  1.23700e+03]
 [1.99500e+03 1.22900e+03 1.10000e+01 1.90000e+01 1.15000e+02 2.00050e+03
  1.23850e+03]
 [2.00700e+03 1.22900e+03 1.90000e+01 2.00000e+01 2.10000e+02 2.01650e+03
  1.23900e+03]
 [2.02800e+03 1.22900e+03 1.70000e+01 2.00000e+01 2.14000e+02 2.03650e+03
  1.23900e+03]
 [2.06100e+03 1.22900e+03 1.90000e+01 2.00000e+01 2.06000e+02 2.07050e+03
  1.23900e+03]
 [2.43700e+03 1.22900e+03 1.10000e+01 1.90000e+01 1.07000e+02 2.44250e+03
  1.23850e+03]
 [2.44900e+03 1.22900e+03 1.90000e+01 2.00000e+01 1.92000e+02 2.45850e+03
  1.23900e+03]
 [2.50200e+03 1.22900e+03 1.80000e+01 2.00000e+01 1.90000e+02 2.51100e+03
  1.23900e+03]
 [2.59100e+03 1.22900e+03 1.90000e+01 2.00000e+01 1.91000e+02 2.60050e+03
  1.23900e+03]
 [2.61300e+03 1.22900e+03 1.10000e+01 1.90000e+01 1.08000e+02 2.61850e+03
  1.23850e+03]
 [2.13700e+03 1.23000e+03 2.00000e+01 2.60000e+01 2.17000e+02 2.14700e+03
  1.24300e+03]
 [2.49400e+03 1.23000e+03 4.00000e+00 1.80000e+01 7.20000e+01 2.49600e+03
  1.23900e+03]
 [2.55500e+03 1.23000e+03 5.00000e+00 1.80000e+01 8.50000e+01 2.55750e+03
  1.23900e+03]
 [2.57100e+03 1.23000e+03 1.90000e+01 1.80000e+01 1.44000e+02 2.58050e+03
  1.23900e+03]
 [1.96900e+03 1.28900e+03 2.80000e+01 2.50000e+01 4.63000e+02 1.98300e+03
  1.30150e+03]
 [2.02200e+03 1.28900e+03 1.80000e+01 2.60000e+01 2.68000e+02 2.03100e+03
  1.30200e+03]
 [2.05200e+03 1.28800e+03 1.30000e+01 2.60000e+01 1.63000e+02 2.05850e+03
  1.30100e+03]
 [2.09600e+03 1.28900e+03 1.80000e+01 2.60000e+01 2.70000e+02 2.10500e+03
  1.30200e+03]
 [2.41100e+03 1.28900e+03 1.20000e+01 2.50000e+01 1.31000e+02 2.41700e+03
  1.30150e+03]
 [2.42500e+03 1.28800e+03 1.20000e+01 2.70000e+01 9.00000e+01 2.43100e+03
  1.30150e+03]
 [2.43800e+03 1.28900e+03 1.10000e+01 2.50000e+01 1.32000e+02 2.44350e+03
  1.30150e+03]
 [2.45200e+03 1.28900e+03 2.00000e+01 2.50000e+01 2.21000e+02 2.46200e+03
  1.30150e+03]
 [2.47300e+03 1.28800e+03 1.20000e+01 2.70000e+01 9.00000e+01 2.47900e+03
  1.30150e+03]
 [2.48600e+03 1.28900e+03 1.90000e+01 2.50000e+01 2.31000e+02 2.49550e+03
  1.30150e+03]
 [2.50900e+03 1.28900e+03 1.90000e+01 2.60000e+01 2.58000e+02 2.51850e+03
  1.30200e+03]
 [2.54900e+03 1.28900e+03 2.00000e+01 2.50000e+01 2.38000e+02 2.55900e+03
  1.30150e+03]
 [2.58100e+03 1.28900e+03 2.00000e+01 2.60000e+01 2.58000e+02 2.59100e+03
  1.30200e+03]
 [2.60400e+03 1.28900e+03 1.90000e+01 2.60000e+01 2.62000e+02 2.61350e+03
  1.30200e+03]
 [2.63700e+03 1.28900e+03 1.90000e+01 2.50000e+01 2.38000e+02 2.64650e+03
  1.30150e+03]
 [2.65900e+03 1.28900e+03 2.70000e+01 2.50000e+01 3.97000e+02 2.67250e+03
  1.30150e+03]
 [7.50000e+02 1.29300e+03 1.00000e+00 1.10000e+01 1.10000e+01 7.50500e+02
  1.29850e+03]
 [2.00000e+03 1.29500e+03 1.90000e+01 2.00000e+01 2.16000e+02 2.00950e+03
  1.30500e+03]
 [2.07500e+03 1.29500e+03 1.80000e+01 2.00000e+01 2.05000e+02 2.08400e+03
  1.30500e+03]
 [2.04500e+03 1.29600e+03 5.00000e+00 1.80000e+01 9.00000e+01 2.04750e+03
  1.30500e+03]
 [2.06600e+03 1.29600e+03 6.00000e+00 1.80000e+01 7.80000e+01 2.06900e+03
  1.30500e+03]
 [2.53100e+03 1.30900e+03 6.00000e+00 1.00000e+01 4.00000e+01 2.53400e+03
  1.31400e+03]
 [1.96900e+03 1.35500e+03 2.80000e+01 2.50000e+01 4.66000e+02 1.98300e+03
  1.36750e+03]
 [2.02200e+03 1.35500e+03 1.80000e+01 2.60000e+01 2.68000e+02 2.03100e+03
  1.36800e+03]
 [2.05200e+03 1.35400e+03 1.30000e+01 2.60000e+01 1.63000e+02 2.05850e+03
  1.36700e+03]
 [2.09600e+03 1.35500e+03 1.80000e+01 2.60000e+01 2.70000e+02 2.10500e+03
  1.36800e+03]
 [2.12800e+03 1.35500e+03 2.10000e+01 2.50000e+01 3.94000e+02 2.13850e+03
  1.36750e+03]
 [2.41200e+03 1.35500e+03 2.00000e+01 2.60000e+01 2.59000e+02 2.42200e+03
  1.36800e+03]
 [2.54700e+03 1.35500e+03 2.00000e+01 2.60000e+01 2.68000e+02 2.55700e+03
  1.36800e+03]
 [2.61000e+03 1.35700e+03 1.20000e+01 2.40000e+01 1.29000e+02 2.61600e+03
  1.36900e+03]
 [2.00000e+03 1.36100e+03 1.90000e+01 2.00000e+01 2.17000e+02 2.00950e+03
  1.37100e+03]
 [2.07500e+03 1.36100e+03 1.80000e+01 2.00000e+01 2.07000e+02 2.08400e+03
  1.37100e+03]
 [2.44400e+03 1.36100e+03 1.70000e+01 1.90000e+01 1.85000e+02 2.45250e+03
  1.37050e+03]
 [2.46500e+03 1.36100e+03 1.60000e+01 2.00000e+01 1.43000e+02 2.47300e+03
  1.37100e+03]
 [2.48300e+03 1.36100e+03 1.90000e+01 2.00000e+01 1.91000e+02 2.49250e+03
  1.37100e+03]
 [2.50500e+03 1.36100e+03 1.00000e+01 1.90000e+01 9.40000e+01 2.51000e+03
  1.37050e+03]
 [2.51700e+03 1.36100e+03 1.80000e+01 2.00000e+01 1.92000e+02 2.52600e+03
  1.37100e+03]
 [2.57000e+03 1.36100e+03 1.60000e+01 2.00000e+01 1.90000e+02 2.57800e+03
  1.37100e+03]
 [2.59100e+03 1.36100e+03 1.70000e+01 1.90000e+01 1.85000e+02 2.59950e+03
  1.37050e+03]
 [2.62300e+03 1.36100e+03 1.90000e+01 2.00000e+01 1.92000e+02 2.63250e+03
  1.37100e+03]
 [2.64400e+03 1.36100e+03 1.60000e+01 2.00000e+01 1.65000e+02 2.65200e+03
  1.37100e+03]
 [2.04500e+03 1.36200e+03 5.00000e+00 1.80000e+01 9.00000e+01 2.04750e+03
  1.37100e+03]
 [2.06600e+03 1.36200e+03 6.00000e+00 1.80000e+01 8.00000e+01 2.06900e+03
  1.37100e+03]
 [2.15100e+03 1.36200e+03 1.90000e+01 2.50000e+01 2.10000e+02 2.16050e+03
  1.37450e+03]
 [2.43500e+03 1.36200e+03 5.00000e+00 1.80000e+01 8.50000e+01 2.43750e+03
  1.37100e+03]
 [7.51000e+02 1.41600e+03 1.00000e+01 3.74000e+02 1.95200e+03 7.56000e+02
  1.60300e+03]
 [7.65000e+02 1.77200e+03 1.50000e+01 6.00000e+00 2.40000e+01 7.72500e+02
  1.77500e+03]
 [8.08000e+02 1.77600e+03 1.10000e+01 3.00000e+00 2.50000e+01 8.13500e+02
  1.77750e+03]
 [1.07500e+03 1.77600e+03 9.00000e+00 2.00000e+00 1.50000e+01 1.07950e+03
  1.77700e+03]
 [1.08600e+03 1.77600e+03 2.30000e+01 2.00000e+00 2.90000e+01 1.09750e+03
  1.77700e+03]
 [1.17300e+03 1.77600e+03 3.10000e+01 3.00000e+00 5.50000e+01 1.18850e+03
  1.77750e+03]
 [7.79000e+02 1.79000e+03 1.23000e+02 4.00000e+00 2.31000e+02 8.40500e+02
  1.79200e+03]
 [1.08200e+03 1.79000e+03 1.36000e+02 4.00000e+00 2.87000e+02 1.15000e+03
  1.79200e+03]
 [3.05700e+03 2.48900e+03 2.00000e+01 2.70000e+01 2.26000e+02 3.06700e+03
  2.50250e+03]
 [3.15500e+03 2.48900e+03 1.00000e+01 2.70000e+01 1.09000e+02 3.16000e+03
  2.50250e+03]
 [3.20400e+03 2.48800e+03 1.20000e+01 2.80000e+01 1.33000e+02 3.21000e+03
  2.50200e+03]
 [3.22500e+03 2.48900e+03 1.80000e+01 2.70000e+01 2.01000e+02 3.23400e+03
  2.50250e+03]
 [3.24700e+03 2.48900e+03 1.70000e+01 2.80000e+01 1.97000e+02 3.25550e+03
  2.50300e+03]
 [3.08000e+03 2.49600e+03 1.80000e+01 2.10000e+01 1.96000e+02 3.08900e+03
  2.50650e+03]
 [3.10000e+03 2.49600e+03 1.80000e+01 2.80000e+01 2.38000e+02 3.10900e+03
  2.51000e+03]
 [3.12100e+03 2.49600e+03 1.90000e+01 2.10000e+01 1.95000e+02 3.13050e+03
  2.50650e+03]
 [3.18400e+03 2.49600e+03 1.90000e+01 2.10000e+01 1.77000e+02 3.19350e+03
  2.50650e+03]]