only image stats:
img1:
[2819  508    7    4   24]
[2828  509    5    3    9]
[2782  510    5    2    9]
[2837  511    4   12   23]
[2768  512    6   17   42]
[2777  512    4    2    6]
[2788  512   31   50  516]
[2834  512    2    1    2]
[2825  533   13  172  959]
[2771  535   14  170  909]
[2801  565    2    1    2]
[2804  564   10   35   67]
[2798  567    3    3    8]
[2800  573    4   13   24]
[2803  587    1    6    6]
[2794  610    6    6   24]
[2801  610    2    2    3]
[2801  614    1    2    2]
[2800  617    2    7   11]
[2788  624   15   12   75]
[2805  678    2    1    2]
[2803  680    1    1    1]
[2804  687    1    2    2]
[2773  694    2    1    2]
[2773  697    2    2    4]
[2784  705    8    4   20]
[2793  705   22    4   48]
[2816  705    9    4   23]

img2:
[1988  970   11    5   29]
[1979  976   29    2   54]
[1989  979    6    2    9]
[1996  979    2    2    4]
[1989  985   10    3   19]
[1979  987    7    3   17]
[2004  987    5    3   14]
[1992  988    1    2    2]
[1979  992    8    4   20]
[1996  992   13    4   30]
[1989  994    1    1    1]
[1992  994    1    2    2]
[1973  999   14    2   17]
[2004  999   11    3   15]
[1988 1000    9    1    9]
[1998 1000    4    1    4]
[1973 1003    4    6   17]
[1979 1003    3    2    5]
[1984 1003    6    1    6]
[1992 1003    3    1    3]
[1996 1002    5    3    7]
[2002 1003    7    1    7]
[2006 1003    9    6   26]
[1979 1007    4    2    6]
[1984 1007    1    1    1]
[1995 1008    3    1    3]
[1999 1008    2    1    2]
[1974 1011    3    1    3]
[1981 1011    3    2    5]
[1986 1011    4    2    4]
[1991 1011    2    3    5]
[1995 1011    5    1    5]
[2004 1011    3    3    5]
[2010 1010    4    2    6]
[1981 1017    1    2    2]
[1997 1017    2    2    3]
[2005 1017    9    3   16]
[1973 1018    5    2    9]
[1984 1018    3    2    4]
[1973 1021    8    7   25]
[1982 1021    9    2   11]
[2006 1021    9    2   10]
[1994 1022   10    1   10]
[1992 1025    2    2    3]
[2006 1025    2    1    2]
[2010 1025    4    2    5]
[1987 1026    1    1    1]
[1997 1026    3    2    5]
[2003 1026    1    2    2]
[1973 1029    5    5   20]
[1979 1030    3    1    3]
[1983 1030    3    1    3]
[1988 1030    2    1    2]
[1982 1030   22    6   55]
[2006 1030    9    4   21]
[1991 1040    5    7   25]
[1979 1067    5    2   10]
[1985 1067   12    5   40]
[1996 1067   11    2   22]
[1998 1070    3    1    3]
[1984 1075    5    3   11]
[1990 1075   13    3   23]
[1986 1081   14    3   27]
[1979 1087   15    2   24]
[1997 1087   10    2   19]
[1976 1093    3    2    4]
[1980 1093    6    2   10]
[1987 1093   24    5   66]
[1976 1116    6    6   24]
[1983 1116   14    6   61]
[1998 1116   12    6   39]
[1998 1119    2    3    5]

img3:
[2653 1189   34   98  219]
[2916 1191   38   98  236]
[2782 1192    2    1    2]
[2786 1192    4    1    4]
[2803 1192   46    1   46]
[2853 1192   10    1   10]
[2897 1192    9    1    9]
[2917 1192   12    1   12]
[2715 1231    2    8   13]
[2728 1231    6   15   26]
[2690 1232    3    5    8]
[2697 1232    2    1    2]
[2706 1232    3    5   12]
[2736 1232    5   11   20]
[2747 1232    3    6   16]
[2764 1232    2    8   16]
[2794 1232    3    5   11]
[2803 1232    3    6   13]
[2820 1232   13   15   50]
[2840 1233   11   14   47]
[2849 1232    2    7   13]
[2888 1232    2    2    3]
[2773 1234    2    5    9]
[2857 1234    2    4    5]
[2884 1234    3    1    3]
[2891 1234    3    1    3]
[2901 1234    1    1    1]
[2881 1236    3    8   14]
[2897 1237    2    6   12]
[2910 1236    2    7   12]
[2698 1239    3    5   11]
[2706 1238    2    8   14]
[2751 1239    3    1    3]
[2771 1239    1    1    1]
[2794 1238    2    6   11]
[2807 1239    4    1    4]
[2861 1239    2    1    2]
[2715 1240    8    6   19]
[2748 1240    5    7   16]
[2764 1241    2    5    9]
[2803 1240    2    6   12]
[2866 1241    1    4    4]
[2691 1242    1    3    3]
[2771 1242    4    4    7]
[2840 1242    2    4    6]
[2694 1245    2    1    2]
[2789 1244    4    2    5]
[2808 1245    5    1    5]
[2858 1245    4    1    4]
[2888 1245    4    1    4]
[2900 1244    3    2    4]
[2904 1245    3    1    3]
[2918 1245    2    2    4]
[2661 1285   67    1   67]
[2740 1285   17    1   17]
[2760 1285    2    1    2]
[2895 1286   14    1   14]

img4:
[1965 1495  204  201 2868]
[2010 1499   40   18   91]
[2052 1499    5    2    6]
[2079 1499   85   84  234]
[2007 1518    1    1    1]
[2003 1521    1    2    2]
[2001 1523    1    1    1]
[1999 1525    1    1    1]
[1995 1528    2    2    3]
[1985 1538    3    4    4]
[1979 1552    1    2    2]
[1977 1556    1    1    1]
[1973 1570    1    2    2]
[1971 1578    1    1    1]
[2163 1584    1   20   20]
[2155 1605    9   28   44]
[1971 1612    1    2    2]
[1973 1619    1    1    1]
[2152 1636    2    4    5]
[1981 1639    1    3    3]
[2150 1641    2    3    4]
[2147 1646    1    1    1]
[2144 1650    3    4    7]
[2141 1655    1    1    1]
[1992 1657    1    1    1]
[2138 1658    2    2    3]
[1995 1660    1    1    1]
[2134 1661    3    3    4]
[1998 1663    1    1    1]
[2132 1665    2    2    3]
[2001 1666    1    1    1]
[2003 1668    1    1    1]
[2005 1669    4    3    4]
[2129 1668    1    1    1]
[2119 1670    9    7   18]
[2011 1674    1    1    1]
[2014 1676    3    3    6]
[2116 1677    1    1    1]
[2019 1679    4    2    4]
[2103 1679   11    6   18]
[2024 1682    7    3    9]
[2032 1685   14    5   21]
[2097 1685    5    2    7]
[2050 1687   46    4   53]

img5:
[1965 1836   22  109  245]
[1988 1836   53    4  109]
[2042 1836   50    2   88]
[2093 1836   11    2   19]
[2097 1836   72  201  610]
[2057 1891   23    1   23]
[2016 1892   35   77  236]
[2085 1892   34   36  171]
[2066 1927    1    1    1]
[2119 1936    1    7    7]
[1965 1947   89   90  342]
[2117 1955    2    5    8]
[2114 1966    1    2    2]
[2025 1969    1    3    3]
[2112 1969    1    1    1]
[2106 1972    5    6    8]
[2103 1979    1    1    1]
[2099 1982    2    1    2]
[2095 1985    2    1    2]
[2081 1987   12    4   20]
[2049 1989    7    3   12]
[2060 1992    6    1    6]
[2067 1992    2    2    2]
[2055 2035   39    2   64]