only image stats:
[876 251  92   3 260]
[831 253   3   1   3]
[839 253   5   1   5]
[845 253   8   1   8]
[860 253   5   1   5]
[867 253   8   1   8]
[973 252   4   2   7]
[982 253   3   1   3]
[990 253  32   1  32]
[1024  253    2    1    2]
[ 751  254   69   87 1047]
[969 254   2   2   3]
[987 254   2   2   3]
[1054  254  187  183 2653]
[1209  254    5    2   10]
[877 260   1   1   1]
[893 260   2   1   2]
[969 260   5  43  90]
[978 260   4   6  20]
[986 261   4  15  32]
[808 263   3  78 176]
[1146  264    9   34   91]
[1153  264    1    1    1]
[801 269   4  25  62]
[979 269   3   4  10]
[783 272   2   3   4]
[1156  273    1    3    3]
[1240  275    1    3    3]
[879 281   4   5  14]
[978 280   3   4  10]
[831 282   7   4  16]
[839 282   3   2   4]
[851 282   5   3   9]
[866 282   4   2   6]
[896 282   2   1   2]
[947 282   5   3  12]
[781 285   1   1   1]
[1084  286    2    1    2]
[912 289   3   4  10]
[881 291   1   1   1]
[980 291   2   3   5]
[837 292   1   1   1]
[782 294   7   6  18]
[797 297   8   9  44]
[830 297  10   2  14]
[848 297  25   3  31]
[939 297  12   2  13]
[979 297   3   6  10]
[841 298   5   1   5]
[877 298  11   1  11]
[895 298   7   1   7]
[909 298  25   1  25]
[1129  298    7    1    7]
[1139  298    2    1    2]
[771 300   5   4  15]
[1030  300   27    3   49]
[1062  300   12    3   18]
[1077  301    4    1    4]
[1083  301    3    1    3]
[1169  301    1    1    1]
[874 304   3   2   5]
[1155  305    3   17   30]
[771 310   2   2   4]
[780 313   4   2   8]
[802 312   2   4   7]
[762 317   1   1   1]
[770 316   8   5  19]
[801 319   4   5  18]
[786 320   6   2   7]
[986 320   4  18  43]
[765 323   1   1   1]
[778 322   5   3   8]
[761 325   3   3   6]
[774 326   3   3   7]
[768 329   2   5   8]
[802 329   2   2   4]
[967 328   4  10  26]
[1153  329    5    5   19]
[762 335   1   1   1]
[974 334   9   4  30]
[792 341   4   3   9]
[798 340   8   4  16]
[986 341   3  32  60]
[757 342   3   1   3]
[977 343   6   4  17]
[751 344   1   6   6]
[970 344   3   7  14]
[812 351   5   1   5]
[793 353   2   2   4]
[970 352   3   9  19]
[977 352   6   5  19]
[799 354   2   1   2]
[1135  354    4    1    4]
[751 356   1   4   4]
[814 357   3   2   5]
[824 357   5   2   9]
[773 363   4   2   6]
[904 363   5   2   6]
[978 362   4   4  12]
[1131  362    1    3    3]
[971 365   2   6  10]
[1075  364    4    1    4]
[950 367   5   1   5]
[1103  366    1    2    2]
[1205  367    6    1    6]
[759 369   1   2   2]
[977 368   6   4  17]
[751 371   5   4  12]
[1221  370    2    1    2]
[794 373  14   2  24]
[810 372   7   3  10]
[859 373   1   1   1]
[909 373   1   1   1]
[1021  372    9    3   15]
[1049  373    2    4    7]
[1012  376    2    2    4]
[777 379   2   2   3]
[1040  378    2    2    3]
[1069  379    5    2    7]
[1025  380    1    3    3]
[750 382   1   1   1]
[925 382   1   2   2]
[930 382   3   2   5]
[749 387   2   4   7]
[1036  386    4    1    4]
[753 389   3   1   3]
[1004  392    4    1    4]
[978 402   1   1   1]
[984 403   1   5   5]
[978 413   2   3   4]
[1102  417    6    1    6]
[872 418  28   4  78]
[987 419   2  18  32]
[1062  419    5   10   27]
[1174  420   14    1   14]
[847 423   1   1   1]
[851 422  14   3  32]
[1194  423    2    1    2]
[1201  423    4    1    4]
[787 425  49   9 124]
[978 424   4   4  12]
[899 426   2   5   8]
[1224  432    3    2    5]
[770 435  16   6  42]
[872 436   3   1   3]
[978 436   4   4  14]
[851 438  15   3  34]
[892 438   3   2   5]
[899 439   2   4   5]
[1202  439    4    1    4]
[766 441   4   2   6]
[1065  441    2    5    9]
[825 442   5   1   5]
[832 442   8   1   8]
[841 442   4   1   4]
[1209  442    4    1    4]
[743 445   6   4  20]
[751 444  11   6  32]
[805 444  13   3  16]
[1218  445    5    1    5]
[781 447  20   6  39]
[1241  446    5  184  531]
[739 449   4   4   9]
[1225  448    2    1    2]
[990 451   2   8  13]
[1068  453    2   11   19]
[772 454   7   2  13]
[736 457  10  24  92]
[765 457   5   3  14]
[762 461   1   1   1]
[755 463   5   3  10]
[747 464   4   1   4]
[751 466   3   3   6]
[882 467   3   1   3]
[897 467   1   1   1]
[1072  467    1   12   12]
[743 470   6  14  35]
[890 473   2   2   3]
[897 474   1   3   3]
[739 481   2   6  11]
[889 482   3   2   5]
[993 483   2  34  48]
[736 489   3  24  45]
[881 489   1   1   1]
[889 491   3   3   5]
[1074  490    2   14   15]
[743 492   3   3   6]
[897 493   1   3   3]
[889 501   3   2   6]
[881 507   1   2   2]
[744 509   4   5  12]
[890 510   1   2   2]
[880 517   2   5   7]
[1077  517    4   55  148]
[1084  520    1    1    1]
[753 523   1   1   1]
[1222  530    1    1    1]
[737 532   5 104 308]
[890 548   1   1   1]
[746 555   2   3   5]
[1084  557    5    2   10]
[1093  557    8    3   18]
[1111  557   17    2   31]
[1130  557   11    2   20]
[1144  558    4    1    4]
[1153  558    1    1    1]
[1162  558    1    1    1]
[882 567   5   1   5]
[888 566   9   3  18]
[1223  567    5    1    5]
[755 569   2   3   5]
[863 570  10   2  14]
[746 573   3   6  16]
[836 573   4   2   7]
[842 573   4   2   6]
[809 575  15   4  33]
[751 579   1   3   3]
[792 579  12   3  26]
[1228  579    1    2    2]
[772 582   6   2   9]
[783 582   2   3   5]
[759 585   7   3  16]
[890 586   2   1   2]
[753 589   2   1   2]
[1075  588    1   16   16]
[762 592   2   1   2]
[746 606   3   7  18]
[1075  606    1    3    3]
[746 620   3   5  10]
[   905    625    171   1165 132103]
[1224  626    2    2    4]
[1241  635    1    2    2]
[741 637   1   1   1]
[1131  636    1    1    1]
[1138  642    2    1    2]
[1159  645    2    2    3]
[1148  648    3    2    5]
[802 657   4   3   7]
[1168  658    2    1    2]
[743 660   1   4   4]
[802 663   2   2   3]
[746 667   1   1   1]
[751 666   1   5   5]
[1219  666   22 1124 9019]
[800 673   2   2   4]
[743 694   2   9  17]
[755 719   2   3   4]
[756 736   4  10  14]
[762 748   1   4   4]
[765 757   1   4   4]
[ 745  772    6  314 1107]
[1228  773    1    2    2]
[762 824   1   1   1]
[765 839   2   8  10]
[1017 1027    7   41  275]
[ 749 1098    2  183  293]
[ 756 1122    1    4    4]
[ 762 1163    1   10   10]
[ 750 1293    1   11   11]
[ 750 1319    1    3    3]
[1078 1379    1    7    7]
[ 751 1416   10  374 1952]
[1240 1442    1    1    1]
[1240 1618    1    3    3]
[ 765 1772   15    6   24]
[ 878 1774    4    1    4]
[ 893 1774    2    1    2]
[ 783 1777    6    2    8]
[ 796 1777    6    1    6]
[ 808 1776   11    3   25]
[ 831 1777    9    1    9]
[ 842 1777   10    1   10]
[1075 1776    9    2   15]
[1086 1776   23    2   29]
[1137 1777    2    1    2]
[1143 1777    2    1    2]
[1159 1777    2    1    2]
[1169 1777    1    1    1]
[1173 1776   31    3   55]
[1213 1776    4    3    8]
[ 773 1790    5    3    9]
[ 779 1790  123    4  231]
[1082 1790  136    4  287]

after remove dotted lines image stats:
[736 489   3  24  45]
[737 532   5 104 308]
[739 481   2   6  11]
[736 457  10  24  92]
[743 694   2   9  17]
[744 509   4   5  12]
[743 470   6  14  35]
[746 573   3   6  16]
[746 606   3   7  18]
[ 745  772    6  314 1107]
[ 749 1098    2  183  293]
[ 750 1293    1   11   11]
[751 371   5   4  12]
[ 751 1416   10  374 1952]
[751 444  11   6  32]
[756 736   4  10  14]
[759 585   7   3  16]
[ 765 1772   15    6   24]
[770 316   8   5  19]
[772 454   7   2  13]
[770 435  16   6  42]
[ 751  254   69   87 1047]
[782 294   7   6  18]
[781 447  20   6  39]
[792 579  12   3  26]
[797 297   8   9  44]
[794 373  14   2  24]
[798 340   8   4  16]
[801 269   4  25  62]
[808 263   3  78 176]
[787 425  49   9 124]
[805 444  13   3  16]
[ 808 1776   11    3   25]
[809 575  15   4  33]
[831 282   7   4  16]
[ 779 1790  123    4  231]
[851 422  14   3  32]
[851 438  15   3  34]
[863 570  10   2  14]
[872 418  28   4  78]
[888 566   9   3  18]
[876 251  92   3 260]
[947 282   5   3  12]
[967 328   4  10  26]
[970 352   3   9  19]
[969 260   5  43  90]
[970 344   3   7  14]
[974 334   9   4  30]
[977 352   6   5  19]
[977 368   6   4  17]
[977 343   6   4  17]
[986 341   3  32  60]
[986 320   4  18  43]
[986 261   4  15  32]
[987 419   2  18  32]
[   905    625    171   1165 132103]
[990 451   2   8  13]
[993 483   2  34  48]
[990 253  32   1  32]
[1017 1027    7   41  275]
[1021  372    9    3   15]
[1030  300   27    3   49]
[1062  419    5   10   27]
[1062  300   12    3   18]
[1068  453    2   11   19]
[1072  467    1   12   12]
[1074  490    2   14   15]
[1075  588    1   16   16]
[1077  517    4   55  148]
[1075 1776    9    2   15]
[1093  557    8    3   18]
[1086 1776   23    2   29]
[1111  557   17    2   31]
[1130  557   11    2   20]
[1054  254  187  183 2653]
[1082 1790  136    4  287]
[1146  264    9   34   91]
[1155  305    3   17   30]
[1174  420   14    1   14]
[1173 1776   31    3   55]
[1219  666   22 1124 9019]
[1241  446    5  184  531]