only image stats:
[2765  749    9   18   81]
[2776  749    8   18   36]
[2786  749    8   18   84]
[2796  749    7    5   20]
[2751  770   66   20  392]
[2755  807   57  108 2116]
[2825  806   21  109  451]
[2778  812    3   18   47]
[2843  850    9   18   87]
[2854  851    8   17   33]
[2864  850    8   19   84]
[2874  851    3    5    6]
[2876  850    4    6   11]

after remove dotted lines image stats:
[2765  749    9   18   81]
[2778  812    3   18   47]
[2776  749    8   18   36]
[2755  807   57  108 2116]
[2751  770   66   20  392]
[2786  749    8   18   84]
[2796  749    7    5   20]
[2825  806   21  109  451]
[2843  850    9   18   87]
[2854  851    8   17   33]
[2864  850    8   19   84]
[2876  850    4    6   11]